0.000000
0.007735
0.015542
0.023352
0.031080
0.038626
0.045879
0.052719
0.059016
0.064639
0.069454
0.075383
0.080914
0.085956
0.090416
0.094199
0.097211
0.099366
0.100583
0.100793
0.099944
0.100735
0.100888
0.100334
0.099024
0.096921
0.094002
0.090261
0.085711
0.080387
0.074355
0.069576
0.064263
0.058422
0.052076
0.045265
0.038052
0.030514
0.022753
0.014886
0.007051
-0.000628
-0.008425
-0.016275
-0.024096
-0.031789
-0.039247
-0.046347
-0.052960
-0.058951
-0.064220
-0.070490
-0.076396
-0.081849
-0.086753
-0.091011
-0.094525
-0.097200
-0.098951
-0.099700
-0.099469
-0.100811
-0.101511
-0.101505
-0.100740
-0.099171
-0.096768
-0.093516
-0.089421
-0.084508
-0.078910
-0.074571
-0.069671
-0.064210
-0.058205
-0.051690
-0.044719
-0.037366
-0.029726
-0.021911
-0.014072
-0.006485
0.001265
0.009117
0.016992
0.024795
0.032419
0.039745
0.046641
0.052971
0.058667
0.065243
0.071494
0.077330
0.082655
0.087368
0.091369
0.094558
0.096842
0.098136
0.098487
0.100363
0.101608
0.102154
0.101943
0.100922
0.099054
0.096317
0.092705
0.088235
0.083056
0.079180
0.074720
0.069669
0.064038
0.057854
0.051164
0.044035
0.036555
0.028831
0.021022
0.013567
0.005903
-0.001910
-0.009800
-0.017676
-0.025431
-0.032947
-0.040094
-0.046734
-0.052818
-0.059669
-0.066235
-0.072426
-0.078146
-0.083291
-0.087757
-0.091439
-0.094238
-0.096062
-0.097033
-0.099435
-0.101219
-0.102313
-0.102651
-0.102177
-0.100845
-0.098626
-0.095505
-0.091489
-0.086809
-0.083414
-0.079414
-0.074795
-0.069562
-0.063734
-0.057353
-0.050479
-0.043191
-0.035592
-0.027875
-0.020587
-0.013047
-0.005308
0.002560
0.010469
0.018316
0.025986
0.033348
0.040263
0.046706
0.053797
0.060644
0.067160
0.073246
0.078798
0.083709
0.087871
0.091178
0.093531
0.095079
0.097995
0.100308
0.101945
0.102836
0.102917
0.102136
0.100455
0.097850
0.094319
0.090112
0.087216
0.083698
0.079538
0.074732
0.069295
0.063258
0.056675
0.049620
0.042185
0.034586
0.027502
0.020125
0.012501
0.004695
-0.003208
-0.011111
-0.018898
-0.026441
-0.033601
-0.040356
-0.047652
-0.054749
-0.061558
-0.067981
-0.073913
-0.079244
-0.083862
-0.087656
-0.090520
-0.092665
-0.096081
-0.098914
-0.101085
-0.102520
-0.103150
-0.102916
-0.101771
-0.099685
-0.096643
-0.092988
-0.090605
-0.087584
-0.083899
-0.079540
-0.074514
-0.068846
-0.062582
-0.055787
-0.048549
-0.041135
-0.034290
-0.027109
-0.019635
-0.011929
-0.004069
0.003850
0.011716
0.019402
0.026772
0.033805
0.041271
0.048581
0.055648
0.062376
0.068660
0.074386
0.079439
0.083706
0.087073
0.089777
0.093675
0.097012
0.099708
0.101684
0.102865
0.103186
0.102592
0.101044
0.098517
0.095383
0.093526
0.091019
0.087830
0.083944
0.079359
0.074093
0.068182
0.061686
0.054684
0.047473
0.040903
0.033956
0.026672
0.019104
0.011326
0.003429
-0.004478
-0.012273
-0.019817
-0.027081
-0.034679
-0.042166
-0.049459
-0.056460
-0.063064
-0.069156
-0.074620
-0.079335
-0.083184
-0.086451
-0.090812
-0.094639
-0.097846
-0.100350
-0.102072
-0.102940
-0.102892
-0.101879
-0.099870
-0.097322
-0.096000
-0.094017
-0.091338
-0.087939
-0.083813
-0.078968
-0.073435
-0.067263
-0.060525
-0.053587
-0.047322
-0.040642
-0.033581
-0.026186
-0.018528
-0.010691
-0.002781
0.005083
0.012765
0.020222
0.027914
0.035542
0.043023
0.050262
0.057153
0.063583
0.069432
0.074575
0.078891
0.082685
0.087488
0.091784
0.095486
0.098509
0.100768
0.102184
0.102690
0.102227
0.100755
0.098759
0.097978
0.096533
0.094380
0.091489
0.087846
0.083452
0.078329
0.072517
0.066081
0.059427
0.053499
0.047121
0.040320
0.033137
0.025637
0.017900
0.010025
0.002129
-0.005656
-0.013256
-0.021005
-0.028736
-0.036369
-0.043811
-0.050958
-0.057694
-0.063899
-0.069444
-0.074203
-0.078511
-0.083734
-0.088479
-0.092659
-0.096183
-0.098964
-0.100917
-0.101966
-0.102046
-0.101107
-0.099724
-0.099488
-0.098585
-0.096965
-0.094593
-0.091446
-0.087518
-0.082823
-0.077393
-0.071283
-0.064984
-0.059422
-0.053376
-0.046865
-0.039928
-0.032620
-0.025018
-0.017215
-0.009326
-0.001478
0.006224
0.013991
0.021787
0.029534
0.037143
0.044509
0.051518
0.058048
0.063969
0.069152
0.073942
0.079556
0.084726
0.089363
0.093373
0.096665
0.099150
0.100744
0.101376
0.100986
0.100173
0.100485
0.100130
0.099055
0.097217
0.094587
0.091151
0.086913
0.081898
0.076150
0.070208
0.065041
0.059358
0.053173
0.046517
0.039440
0.032012
0.024321
0.016476
0.008600
0.000843
-0.006903
-0.014725
-0.022548
-0.030286
-0.037837
-0.045086
-0.051911
-0.058180
-0.063759
-0.069004
-0.074984
-0.080555
-0.085626
-0.090102
-0.093887
-0.096887
-0.099012
-0.100183
-0.100332
-0.100144
-0.101001
-0.101194
-0.100666
-0.099367
-0.097261
-0.094327
-0.090560
-0.085976
-0.080610
-0.075098
-0.070350
-0.065057
-0.059225
-0.052880
-0.046066
-0.038845
-0.031301
-0.023537
-0.015673
-0.007909
-0.000221
0.007589
0.015450
0.023280
0.030977
0.038430
0.045515
0.052101
0.058050
0.063721
0.070035
0.075978
0.081458
0.086378
0.090640
0.094144
0.096796
0.098509
0.099207
0.099597
0.100995
0.101738
0.101763
0.101014
0.099448
0.097036
0.093766
0.089642
0.084692
0.079601
0.075298
0.070423
0.064976
0.058976
0.052461
0.045486
0.038128
0.030483
0.022667
0.014937
0.007347
-0.000411
-0.008272
-0.016154
-0.023962
-0.031583
-0.038896
-0.045768
-0.052060
-0.058117
-0.064736
-0.071023
-0.076885
-0.082226
-0.086942
-0.090930
-0.094091
-0.096331
-0.097563
-0.098573
-0.100506
-0.101793
-0.102367
-0.102167
-0.101143
-0.099259
-0.096492
-0.092841
-0.088323
-0.083725
-0.079887
-0.075451
-0.070413
-0.064785
-0.058597
-0.051897
-0.044758
-0.037267
-0.029537
-0.021897
-0.014440
-0.006771
0.001051
0.008949
0.016827
0.024579
0.032083
0.039206
0.045807
0.052225
0.059115
0.065714
0.071929
0.077663
0.082811
0.087265
0.090923
0.093683
0.095452
0.097044
0.099501
0.101327
0.102449
0.102803
0.102332
0.100990
0.098749
0.095595
0.091537
0.087420
0.084067
0.080095
0.075494
0.070267
0.064440
0.058052
0.051168
0.043871
0.036264
0.028747
0.021462
0.013921
0.006177
-0.001696
-0.009608
-0.017454
-0.025114
-0.032456
-0.039338
-0.046066
-0.053194
-0.060073
-0.066613
-0.072713
-0.078267
-0.083166
-0.087299
-0.090561
-0.092852
-0.095043
-0.098014
-0.100370
-0.102034
-0.102937
-0.103014
-0.102214
-0.100500
-0.097850
-0.094263
-0.090699
-0.087845
-0.084355
-0.080209
-0.075407
-0.069964
-0.063915
-0.057316
-0.050243
-0.042793
-0.035462
-0.028384
-0.021006
-0.013377
-0.005566
0.002341
0.010243
0.018021
0.025545
0.032673
0.039678
0.047008
0.054133
0.060963
0.067399
0.073333
0.078653
0.083246
0.087001
0.089810
0.092555
0.096024
0.098898
0.101098
0.102548
0.103180
0.102935
0.101767
0.099644
0.096556
0.093505
0.091168
0.088179
0.084514
0.080164
0.075138
0.069463
0.063186
0.056376
0.049123
0.041995
0.035161
0.027985
0.020510
0.012801
0.004938
-0.002981
-0.010840
-0.018512
-0.025855
-0.033087
-0.040583
-0.047920
-0.055008
-0.061749
-0.068034
-0.073749
-0.078777
-0.083001
-0.086308
-0.089616
-0.093568
-0.096946
-0.099670
-0.101658
-0.102836
-0.103138
-0.102510
-0.100914
-0.098327
-0.095870
-0.094059
-0.091583
-0.088412
-0.084531
-0.079940
-0.074660
-0.068729
-0.062210
-0.055183
-0.048331
-0.041774
-0.034832
-0.027547
-0.019975
-0.012193
-0.004295
0.003607
0.011388
0.018908
0.026332
0.033957
0.041468
0.048779
0.055791
0.062396
0.068479
0.073919
0.078595
0.082390
0.086221
0.090634
0.094500
0.097735
0.100253
0.101977
0.102832
0.102759
0.101708
0.099648
0.097735
0.096462
0.094515
0.091858
0.088470
0.084343
0.079489
0.073940
0.067748
0.060987
0.054418
0.048172
0.041502
0.034443
0.027048
0.019387
0.011549
0.003642
-0.004213
-0.011876
-0.019440
-0.027155
-0.034805
-0.042303
-0.049553
-0.056447
-0.062868
-0.068693
-0.073797
-0.078056
-0.082402
-0.087256
-0.091592
-0.095321
-0.098356
-0.100612
-0.102010
-0.102480
-0.101968
-0.100431
-0.099138
-0.098407
-0.096995
-0.094861
-0.091977
-0.088328
-0.083918
-0.078770
-0.072928
-0.066459
-0.060250
-0.054342
-0.047975
-0.041175
-0.033991
-0.026486
-0.018744
-0.010870
-0.002981
0.004786
0.012451
0.020219
0.027969
0.035617
0.043069
0.050217
0.056944
0.063126
0.068635
0.073343
0.078166
0.083437
0.088220
0.092426
0.095964
0.098745
0.100684
0.101706
0.101745
0.100751
0.100026
0.099842
0.098976
0.097380
0.095019
0.091871
0.087933
0.083218
0.077761
0.071621
0.065771
0.060234
0.054203
0.047699
0.040762
0.033452
0.025847
0.018043
0.010157
0.002321
-0.005395
-0.013177
-0.020989
-0.028750
-0.036368
-0.043736
-0.050738
-0.057248
-0.063134
-0.068265
-0.073543
-0.079205
-0.084412
-0.089075
-0.093097
-0.096387
-0.098853
-0.100413
-0.100993
-0.100535
-0.100437
-0.100800
-0.100481
-0.099426
-0.097595
-0.094959
-0.091504
-0.087238
-0.082187
-0.076398
-0.070980
-0.065839
-0.060172
-0.053992
-0.047335
-0.040253
-0.032818
-0.025122
-0.017277
-0.009410
-0.001690
0.006069
0.013904
0.021740
0.029486
0.037038
0.044279
0.051084
0.057320
0.062850
0.068550
0.074574
0.080180
0.085275
0.089764
0.093548
0.096534
0.098631
0.099760
0.099852
0.100328
0.101238
0.101470
0.100966
0.099679
0.097572
0.094626
0.090836
0.086221
0.080818
0.075823
0.071107
0.065833
0.060012
0.053669
0.046852
0.039627
0.032078
0.024311
0.016451
0.008769
0.001073
-0.006746
-0.014619
-0.022456
-0.030155
-0.037602
-0.044670
-0.051226
-0.057129
-0.063214
-0.069571
-0.075549
-0.081053
-0.085985
-0.090245
-0.093731
-0.096349
-0.098011
-0.098640
-0.099740
-0.101190
-0.101970
-0.102016
-0.101274
-0.099702
-0.097270
-0.093967
-0.089802
-0.084804
-0.080306
-0.076035
-0.071179
-0.065741
-0.059741
-0.053220
-0.046235
-0.038867
-0.031215
-0.023398
-0.015809
-0.008213
-0.000446
0.007424
0.015313
0.023122
0.030737
0.038034
0.044876
0.051124
0.057563
0.064221
0.070539
0.076424
0.081776
0.086491
0.090465
0.093597
0.095792
0.096966
0.098636
0.100621
0.101947
0.102546
0.102358
0.101333
0.099435
0.096644
0.092957
0.088395
0.084375
0.080573
0.076162
0.071137
0.065513
0.059322
0.052616
0.045467
0.037968
0.030233
0.022770
0.015314
0.007639
-0.000189
-0.008092
-0.015973
-0.023721
-0.031212
-0.038311
-0.044874
-0.051620
-0.058547
-0.065177
-0.071415
-0.077161
-0.082307
-0.086746
-0.090372
-0.093084
-0.094787
-0.097057
-0.099567
-0.101432
-0.102578
-0.102940
-0.102462
-0.101099
-0.098824
-0.095625
-0.091512
-0.088043
-0.084726
-0.080778
-0.076188
-0.070963
-0.065129
-0.058730
-0.051831
-0.044520
-0.036902
-0.029625
-0.022343
-0.014798
-0.007048
0.000831
0.008745
0.016587
0.024235
0.031552
0.038396
0.045422
0.052583
0.059491
0.066050
0.072160
0.077713
0.082597
0.086702
0.089921
0.092153
0.094984
0.098006
0.100400
0.102089
0.103003
0.103079
0.102265
0.100525
0.097837
0.094201
0.091258
0.088445
0.084983
0.080853
0.076057
0.070612
0.064555
0.057943
0.050856
0.043394
0.036330
0.029260
0.021883
0.014251
0.006436
-0.001473
-0.009372
-0.017141
-0.024646
-0.031742
-0.038991
-0.046352
-0.053504
-0.060354
-0.066800
-0.072732
-0.078037
-0.082599
-0.086306
-0.089048
-0.092446
-0.095967
-0.098879
-0.101102
-0.102560
-0.103184
-0.102916
-0.101709
-0.099535
-0.096384
-0.094038
-0.091742
-0.088779
-0.085127
-0.080778
-0.075743
-0.070052
-0.063755
-0.056923
-0.049648
-0.042865
-0.036040
-0.028864
-0.021387
-0.013672
-0.005806
0.002112
0.009963
0.017616
0.024928
0.032366
0.039889
0.047250
0.054356
0.061106
0.067389
0.073090
0.078090
0.082271
0.085520
0.089436
0.093437
0.096852
0.099600
0.101599
0.102775
0.103061
0.102406
0.100768
0.098129
0.096329
0.094563
0.092118
0.088965
0.085091
0.080498
0.075207
0.069260
0.062720
0.055673
0.049178
0.042635
0.035699
0.028415
0.020841
0.013056
0.005159
-0.002738
-0.010506
-0.018001
-0.025574
-0.033223
-0.040757
-0.048085
-0.055106
-0.061710
-0.067779
-0.073191
-0.077823
-0.081555
-0.085988
-0.090451
-0.094354
-0.097611
-0.100138
-0.101854
-0.102686
-0.102573
-0.101467
-0.099339
-0.098164
-0.096934
-0.095016
-0.092374
-0.088987
-0.084851
-0.079979
-0.074405
-0.068183
-0.061391
-0.055261
-0.049029
-0.042365
-0.035306
-0.027907
-0.020242
-0.012402
-0.004498
0.003345
0.010985
0.018655
0.026392
0.034061
0.041574
0.048832
0.055725
0.062132
0.067931
0.072994
0.077196
0.082104
0.087005
0.091376
0.095128
0.098174
0.100426
0.101807
0.102247
0.101691
0.100099
0.099487
0.098803
0.097425
0.095311
0.092435
0.088783
0.084360
0.079192
0.073325
0.066828
0.061058
0.055171
0.048815
0.042020
0.034834
0.027327
0.019583
0.011710
0.003828
-0.003923
-0.011638
-0.019424
-0.027191
-0.034854
-0.042314
-0.049461
-0.056177
-0.062334
-0.067802
-0.072451
-0.077815
-0.083131
-0.087949
-0.092178
-0.095724
-0.098498
-0.100414
-0.101397
-0.101380
-0.100315
-0.100340
-0.100202
-0.099367
-0.097787
-0.095429
-0.092272
-0.088313
-0.083569
-0.078077
-0.071897
-0.066567
-0.061052
-0.055032
-0.048530
-0.041591
-0.034275
-0.026664
-0.018859
-0.010977
-0.003154
0.004562
0.012359
0.020186
0.027960
0.035585
0.042952
0.049942
0.056427
0.062275
0.067352
0.073133
0.078838
0.084078
0.088762
0.092795
0.096080
0.098528
0.100056
0.100591
0.100074
0.100672
0.101083
0.100799
0.099765
0.097942
0.095302
0.091832
0.087542
0.082459
0.076634
0.071734
0.066620
0.060968
0.054795
0.048139
0.041053
0.033614
0.025915
0.018071
0.010211
0.002541
-0.005229
-0.013076
-0.020923
-0.028676
-0.036228
-0.043460
-0.050243
-0.056443
-0.061921
-0.068087
-0.074153
-0.079791
-0.084908
-0.089405
-0.093183
-0.096146
-0.098205
-0.099277
-0.099295
-0.100523
-0.101480
-0.101744
-0.101258
-0.099974
-0.097857
-0.094887
-0.091064
-0.086407
-0.080956
-0.076559
-0.071870
-0.066611
-0.060795
-0.054450
-0.047627
-0.040392
-0.032836
-0.025065
-0.017208
-0.009634
-0.001930
0.005901
0.013783
0.021626
0.029325
0.036762
0.043809
0.050331
0.056184
0.062700
0.069096
0.075104
0.080628
0.085568
0.089823
0.093291
0.095876
0.097491
0.098058
0.099854
0.101353
0.102168
0.102236
0.101502
0.099925
0.097477
0.094147
0.089946
0.084904
0.080990
0.076751
0.071915
0.066487
0.060489
0.053963
0.046972
0.039596
0.031938
0.024121
0.016681
0.009081
0.001307
-0.006571
-0.014465
-0.022275
-0.029883
-0.037162
-0.043975
-0.050176
-0.056998
-0.063693
-0.070041
-0.075947
-0.081306
-0.086015
-0.089968
-0.093062
-0.095202
-0.096303
-0.098705
-0.100739
-0.102099
-0.102716
-0.102531
-0.101495
-0.099573
-0.096744
-0.093010
-0.088392
-0.085036
-0.081266
-0.076873
-0.071855
-0.066230
-0.060030
-0.053312
-0.046150
-0.038640
-0.030898
-0.023650
-0.016191
-0.008511
-0.000675
0.007233
0.015115
0.022856
0.030330
0.037399
0.043918
0.051011
0.057972
0.064629
0.070886
0.076638
0.081780
0.086200
0.089793
0.092457
0.094097
0.097050
0.099608
0.101507
0.102674
0.103045
0.102561
0.101181
0.098875
0.095636
0.091473
0.088643
0.085363
0.081438
0.076860
0.071638
0.065799
0.059391
0.052480
0.045156
0.037529
0.030500
0.023220
0.015673
0.007919
0.000036
-0.007879
-0.015717
-0.023351
-0.030645
-0.037452
-0.044765
-0.051959
-0.058892
-0.065470
-0.071589
-0.077137
-0.082002
-0.086072
-0.089239
-0.091401
-0.094924
-0.097994
-0.100422
-0.102132
-0.103050
-0.103115
-0.102276
-0.100496
-0.097757
-0.094059
-0.091827
-0.089051
-0.085611
-0.081491
-0.076694
-0.071240
-0.065167
-0.058537
-0.051431
-0.043952
-0.037206
-0.030141
-0.022762
-0.015126
-0.007306
0.000605
0.008500
0.016256
0.023738
0.030797
0.038299
0.045688
0.052864
0.059730
0.066182
0.072110
0.077397
0.081927
0.085586
0.088266
0.092316
0.095883
0.098828
0.101073
0.102538
0.103157
0.102870
0.101632
0.099415
0.096209
0.094540
0.092284
0.089348
0.085710
0.081366
0.076326
0.070624
0.064310
0.057459
0.050167
0.043724
0.036909
0.029737
0.022258
0.014541
0.006673
-0.001243
-0.009086
-0.016721
-0.024002
-0.031634
-0.039184
-0.046567
-0.053689
-0.060445
-0.066724
-0.072407
-0.077374
-0.081504
-0.084693
-0.089254
-0.093301
-0.096751
-0.099517
-0.101520
-0.102684
-0.102943
-0.102243
-0.100549
-0.097875
-0.096802
-0.095075
-0.092654
-0.089512
-0.085637
-0.081032
-0.075721
-0.069749
-0.063182
-0.056141
-0.050035
-0.043502
-0.036570
-0.029282
-0.021704
-0.013916
-0.006019
0.001871
0.009622
0.017100
0.024813
0.032485
0.040038
0.047380
0.054407
0.061007
0.067058
0.072440
0.077026
0.080747
0.085738
0.090245
0.094181
0.097458
0.099992
0.101701
0.102513
0.102367
0.101216
0.099090
0.098560
0.097373
0.095484
0.092858
0.089476
0.085335
0.080449
0.074854
0.068608
0.061842
0.056088
0.049872
0.043216
0.036159
0.028759
0.021091
0.013250
0.005350
-0.002482
-0.010111
-0.017862
-0.025619
-0.033306
-0.040833
-0.048097
-0.054985
-0.061377
-0.067145
-0.072162
-0.076403
-0.081801
-0.086746
-0.091149
-0.094920
-0.097970
-0.100211
-0.101564
-0.101960
-0.101344
-0.099835
-0.099851
-0.099208
-0.097856
-0.095754
-0.092876
-0.089211
-0.084766
-0.079568
-0.073665
-0.067253
-0.061877
-0.056006
-0.049657
-0.042862
-0.035672
-0.028159
-0.020412
-0.012540
-0.004667
0.003070
0.010822
0.018625
0.026408
0.034082
0.041547
0.048691
0.055391
0.061519
0.066944
0.071673
0.077450
0.082807
0.087656
0.091904
0.095456
0.098223
0.100118
0.101065
0.100999
0.100061
0.100622
0.100529
0.099724
0.098162
0.095809
0.092645
0.088670
0.083902
0.078379
0.072315
0.067346
0.061853
0.055844
0.049348
0.042407
0.035088
0.027474
0.019668
0.011791
0.003990
-0.003724
-0.011535
-0.019375
-0.027159
-0.034790
-0.042154
-0.049131
-0.055590
-0.061396
-0.066586
-0.072715
-0.078460
-0.083731
-0.088434
-0.092470
-0.095744
-0.098165
-0.099649
-0.100123
-0.099811
-0.100916
-0.101371
-0.101114
-0.100094
-0.098270
-0.095616
-0.092122
-0.087797
-0.082672
-0.077037
-0.072497
-0.067405
-0.061764
-0.055594
-0.048934
-0.041841
-0.034394
-0.026691
-0.018847
-0.011033
-0.003395
0.004385
0.012245
0.020101
0.027859
0.035408
0.042626
0.049384
0.055544
0.061165
0.067614
0.073718
0.079384
0.084519
0.089021
0.092791
0.095732
0.097754
0.098775
0.099044
0.100686
0.101689
0.101985
0.101517
0.100237
0.098112
0.095124
0.091272
0.086578
0.081360
0.077275
0.072612
0.067369
0.061560
0.055215
0.048387
0.041146
0.033583
0.025811
0.018023
0.010500
0.002789
-0.005050
-0.012940
-0.020788
-0.028485
-0.035912
-0.042938
-0.049423
-0.055437
-0.062175
-0.068608
-0.074644
-0.080185
-0.085130
-0.089374
-0.092816
-0.095359
-0.096913
-0.097801
-0.099975
-0.101518
-0.102363
-0.102444
-0.101710
-0.100118
-0.097642
-0.094274
-0.090024
-0.085296
-0.081684
-0.077472
-0.072650
-0.067226
-0.061224
-0.054690
-0.047687
-0.040300
-0.032634
-0.024929
-0.017557
-0.009952
-0.002171
0.005715
0.013614
0.021422
0.029020
0.036277
0.043055
0.049432
0.056426
0.063155
0.069529
0.075450
0.080814
0.085514
0.089444
0.092501
0.094590
0.096056
0.098748
0.100826
0.102217
0.102852
0.102672
0.101628
0.099684
0.096823
0.093047
0.088792
0.085673
0.081934
0.077560
0.072552
0.066927
0.060722
0.053994
0.046821
0.039301
0.031709
0.024526
0.017067
0.009383
0.001542
-0.006371
-0.014252
-0.021985
-0.029442
-0.036481
-0.043175
-0.050391
-0.057384
-0.064066
-0.070338
-0.076095
-0.081228
-0.085624
-0.089176
-0.091780
-0.093845
-0.097044
-0.099647
-0.101576
-0.102758
-0.103128
-0.102629
-0.101219
-0.098871
-0.095577
-0.091866
-0.089253
-0.086003
-0.082096
-0.077524
-0.072299
-0.066449
-0.060025
-0.053096
-0.045756
-0.038340
-0.031380
-0.024102
-0.016551
-0.008791
-0.000905
0.007011
0.014842
0.022460
0.029725
0.036705
0.044105
0.051328
0.058284
0.064876
0.070998
0.076537
0.081381
0.085414
0.088529
0.091154
0.094843
0.097957
0.100416
0.102143
0.103066
0.103122
0.102260
0.100445
0.097659
0.094464
0.092373
0.089632
0.086214
0.082105
0.077309
0.071847
0.065762
0.059116
0.051993
0.044775
0.038075
0.031015
0.023637
0.015998
0.008176
0.000264
-0.007627
-0.015372
-0.022830
-0.030045
-0.037595
-0.045011
-0.052208
-0.059089
-0.065546
-0.071466
-0.076732
-0.081224
-0.084829
-0.088018
-0.092181
-0.095792
-0.098768
-0.101028
-0.102494
-0.103098
-0.102781
-0.101498
-0.099223
-0.096613
-0.095052
-0.092830
-0.089915
-0.086285
-0.081937
-0.076885
-0.071164
-0.064827
-0.057951
-0.050999
-0.044590
-0.037782
-0.030610
-0.023128
-0.015407
-0.007537
0.000376
0.008207
0.015821
0.023238
0.030899
0.038472
0.045874
0.053009
0.059768
0.066039
0.071701
0.076633
0.080712
0.084438
0.089052
0.093141
0.096620
0.099403
0.101410
0.102564
0.102799
0.102064
0.100320
0.098264
0.097243
0.095554
0.093158
0.090029
0.086155
0.081542
0.076217
0.070224
0.063633
0.056962
0.050878
0.044357
0.037429
0.030142
0.022562
0.014772
0.006876
-0.001007
-0.008742
-0.016308
-0.024042
-0.031736
-0.039307
-0.046661
-0.053692
-0.060284
-0.066316
-0.071661
-0.076195
-0.080440
-0.085483
-0.090032
-0.093996
-0.097289
-0.099823
-0.101516
-0.102295
-0.102101
-0.100885
-0.099447
-0.098969
-0.097819
-0.095951
-0.093334
-0.089947
-0.085790
-0.080880
-0.075255
-0.068974
-0.062656
-0.056925
-0.050721
-0.044069
-0.037010
-0.029605
-0.021932
-0.014090
-0.006195
0.001622
0.009296
0.017066
0.024841
0.032544
0.040081
0.047348
0.054230
0.060602
0.066337
0.071306
0.076034
0.081481
0.086465
0.090897
0.094684
0.097736
0.099966
0.101294
0.101653
0.100985
0.100110
0.100180
0.099578
0.098252
0.096165
0.093288
0.089614
0.085151
0.079928
0.073995
0.068026
0.062678
0.056825
0.050484
0.043692
0.036500
0.028984
0.021235
0.013364
0.005500
-0.002234
-0.009999
-0.017818
-0.025615
-0.033300
-0.040768
-0.047906
-0.054588
-0.060685
-0.066062
-0.071251
-0.077077
-0.082473
-0.087350
-0.091612
-0.095165
-0.097916
-0.099779
-0.100677
-0.100546
-0.100300
-0.100916
-0.100861
-0.100080
-0.098527
-0.096169
-0.092988
-0.088985
-0.084180
-0.078616
-0.073075
-0.068135
-0.062659
-0.056658
-0.050161
-0.043215
-0.035889
-0.028269
-0.020461
-0.012589
-0.004842
0.002882
0.010706
0.018559
0.026352
0.033985
0.041344
0.048303
0.054732
0.060494
0.066110
0.072284
0.078065
0.083363
0.088080
0.092118
0.095381
0.097776
0.099220
0.099640
0.099969
0.101128
0.101623
0.101395
0.100389
0.098567
0.095903
0.092388
0.088034
0.082873
0.077745
0.073240
0.068171
0.062542
0.056376
0.049715
0.042617
0.035165
0.027458
0.019615
0.011896
0.004253
-0.003537
-0.011407
-0.019271
-0.027032
-0.034577
-0.041781
-0.048512
-0.054630
-0.060638
-0.067131
-0.073270
-0.078963
-0.084111
-0.088614
-0.092369
-0.095279
-0.097252
-0.098208
-0.099160
-0.100858
-0.101900
-0.102220
-0.101762
-0.100478
-0.098335
-0.095317
-0.091424
-0.086681
-0.082048
-0.077998
-0.073358
-0.068126
-0.062318
-0.055968
-0.049130
-0.041879
-0.034308
-0.026531
-0.018897
-0.011370
-0.003651
0.004197
0.012094
0.019944
0.027638
0.035050
0.042050
0.048494
0.054863
0.061641
0.068106
0.074166
0.079721
0.084667
0.088899
0.092315
0.094817
0.096315
0.097839
0.100066
0.101651
0.102523
0.102620
0.101886
0.100283
0.097783
0.094381
0.090088
0.085927
0.082355
0.078169
0.073363
0.067945
0.061942
0.055401
0.048388
0.040992
0.033320
0.025802
0.018432
0.010824
0.003036
-0.004855
-0.012757
-0.020562
-0.028149
-0.035385
-0.042126
-0.048810
-0.055842
-0.062602
-0.069000
-0.074934
-0.080299
-0.084986
-0.088887
-0.091897
-0.093921
-0.096046
-0.098793
-0.100912
-0.102329
-0.102974
-0.102789
-0.101726
-0.099749
-0.096844
-0.093013
-0.089397
-0.086318
-0.082605
-0.078245
-0.073239
-0.067608
-0.061392
-0.054648
-0.047459
-0.039927
-0.032586
-0.025407
-0.017946
-0.010256
-0.002409
0.005506
0.013385
0.021108
0.028543
0.035548
0.042515
0.049764
0.056786
0.063489
0.069773
0.075531
0.080651
0.085021
0.088532
0.091080
0.093761
0.097013
0.099656
0.101612
0.102808
0.103179
0.102667
0.101232
0.098846
0.095505
0.092406
0.089837
0.086618
0.082729
0.078165
0.072938
0.067080
0.060642
0.053699
0.046344
0.039205
0.032255
0.024979
0.017426
0.009663
0.001773
-0.006142
-0.013965
-0.021566
-0.028803
-0.036002
-0.043433
-0.050683
-0.057660
-0.064264
-0.070387
-0.075914
-0.080730
-0.084720
-0.087772
-0.091019
-0.094762
-0.097916
0.000000
