0.000000
0.001909
0.003849
0.005670
0.007569
0.009599
0.011431
0.013116
0.015273
0.017197
0.018538
0.020820
0.022893
0.024346
0.026205
0.028457
0.030097
0.031403
0.033840
0.035717
0.036450
0.039005
0.041144
0.042189
0.043928
0.046327
0.047727
0.048596
0.051232
0.053004
0.053113
0.055833
0.057970
0.058581
0.060122
0.062591
0.063711
0.064099
0.066845
0.068458
0.067950
0.070723
0.072789
0.072953
0.074228
0.076684
0.077494
0.077373
0.080138
0.081544
0.080451
0.083156
0.085086
0.084811
0.085754
0.088119
0.088601
0.087960
0.090651
0.091809
0.090177
0.092703
0.094437
0.093739
0.094306
0.096500
0.096642
0.095496
0.098022
0.098895
0.096787
0.099037
0.100517
0.099424
0.099587
0.101537
0.101338
0.099721
0.101996
0.102556
0.100050
0.101939
0.103114
0.101668
0.101418
0.103058
0.102524
0.100494
0.102439
0.102664
0.099837
0.101315
0.102141
0.100379
0.099745
0.101011
0.100152
0.097793
0.099337
0.099214
0.096158
0.097184
0.097629
0.095611
0.094619
0.095466
0.094310
0.091707
0.092796
0.092326
0.089144
0.089689
0.089736
0.087528
0.086217
0.086615
0.085199
0.082447
0.083041
0.082240
0.079037
0.079090
0.078735
0.076409
0.074831
0.074766
0.073134
0.070334
0.070413
0.069304
0.066186
0.065754
0.065006
0.062639
0.060858
0.060328
0.058534
0.055790
0.055349
0.053966
0.051035
0.050144
0.049026
0.046693
0.044781
0.043802
0.041901
0.039318
0.038370
0.036757
0.034106
0.032802
0.031349
0.029123
0.027158
0.025761
0.023814
0.021490
0.020066
0.018273
0.015986
0.014328
0.012586
0.010538
0.008600
0.006830
0.004897
0.002923
0.001070
-0.000846
-0.002699
-0.004638
-0.006613
-0.008420
-0.010251
-0.012336
-0.014194
-0.015739
-0.017959
-0.019937
-0.021300
-0.023438
-0.025582
-0.027094
-0.028741
-0.031072
-0.032797
-0.033849
-0.036362
-0.038340
-0.039174
-0.041421
-0.043665
-0.044836
-0.046230
-0.048730
-0.050269
-0.050782
-0.053502
-0.055416
-0.055701
-0.057965
-0.060235
-0.061032
-0.062113
-0.064698
-0.066003
-0.065951
-0.068786
-0.070574
-0.070307
-0.072498
-0.074718
-0.075119
-0.075840
-0.078423
-0.079454
-0.078831
-0.081685
-0.083289
-0.082486
-0.084516
-0.086613
-0.086609
-0.086937
-0.089430
-0.090156
-0.088977
-0.091752
-0.093119
-0.091813
-0.093604
-0.095508
-0.095103
-0.095019
-0.097338
-0.097736
-0.096038
-0.098639
-0.099726
-0.097964
-0.099448
-0.101094
-0.100305
-0.099809
-0.101874
-0.101933
-0.099771
-0.102109
-0.102878
-0.100724
-0.101847
-0.103178
-0.102034
-0.101140
-0.102882
-0.102600
-0.100048
-0.102042
-0.102467
-0.099996
-0.100717
-0.101689
-0.100229
-0.098969
-0.100325
-0.099712
-0.096860
-0.098441
-0.098506
-0.095803
-0.096100
-0.096677
-0.094951
-0.093371
-0.094295
-0.093370
-0.090319
-0.091431
-0.091134
-0.088288
-0.088156
-0.088317
-0.086382
-0.084541
-0.084999
-0.083792
-0.080652
-0.081256
-0.080604
-0.077711
-0.077161
-0.076899
-0.074817
-0.072786
-0.072761
-0.071310
-0.068195
-0.068269
-0.067281
-0.064435
-0.063497
-0.062818
-0.060656
-0.058514
-0.058004
-0.056355
-0.053381
-0.052920
-0.051627
-0.048920
-0.047637
-0.046561
-0.044389
-0.042220
-0.041241
-0.039445
-0.036722
-0.035742
-0.034184
-0.031702
-0.030132
-0.028693
-0.026578
-0.024468
-0.023051
-0.021165
-0.018798
-0.017330
-0.015555
-0.013377
-0.011588
-0.009831
-0.007841
-0.005875
-0.004066
-0.002149
-0.000228
0.001678
0.003613
0.005421
0.007352
0.009370
0.011175
0.012915
0.015057
0.016946
0.018342
0.020624
0.022657
0.024043
0.026031
0.028244
0.029811
0.031251
0.033655
0.035458
0.036270
0.038849
0.040918
0.041844
0.043802
0.046140
0.047423
0.048497
0.051084
0.052746
0.052934
0.055724
0.057763
0.058207
0.060049
0.062435
0.063399
0.064057
0.066740
0.068211
0.067757
0.070665
0.072608
0.072563
0.074211
0.076567
0.077187
0.077390
0.080080
0.081318
0.080226
0.083151
0.084939
0.084421
0.085794
0.088045
0.088309
0.088035
0.090643
0.091612
0.089908
0.092753
0.094328
0.093362
0.094401
0.096472
0.096377
0.095627
0.098064
0.098734
0.096473
0.099139
0.100451
0.099075
0.099736
0.101556
0.101110
0.099903
0.102087
0.102438
0.099693
0.102089
0.103095
0.101359
0.101614
0.103123
0.102341
0.100719
0.102575
0.102592
0.099465
0.101507
0.102166
0.100121
0.099980
0.101120
0.100018
0.098056
0.099513
0.099190
0.095820
0.097413
0.097699
0.095411
0.094885
0.095614
0.094230
0.091997
0.093006
0.092351
0.088878
0.089946
0.089848
0.087392
0.086506
0.086798
0.085176
0.082754
0.083279
0.082312
0.078851
0.079366
0.078884
0.076343
0.075133
0.074976
0.073168
0.070649
0.070669
0.069420
0.066086
0.066040
0.065188
0.062643
0.061162
0.060558
0.058623
0.056100
0.055613
0.054122
0.051023
0.050430
0.049233
0.046767
0.045076
0.044044
0.042042
0.039613
0.038634
0.036947
0.034183
0.033077
0.031573
0.029264
0.027434
0.026006
0.024001
0.021760
0.020320
0.018490
0.016147
0.014582
0.012820
0.010739
0.008847
0.007069
0.005123
0.003159
0.001306
-0.000610
-0.002459
-0.004413
-0.006378
-0.008166
-0.010041
-0.012111
-0.013938
-0.015546
-0.017751
-0.019692
-0.020992
-0.023250
-0.025356
-0.026796
-0.028576
-0.030870
-0.032521
-0.033706
-0.036189
-0.038094
-0.038808
-0.041278
-0.043455
-0.044506
-0.046116
-0.048558
-0.049982
-0.050694
-0.053371
-0.055178
-0.055291
-0.057872
-0.060049
-0.060681
-0.062054
-0.064563
-0.065716
-0.065920
-0.068701
-0.070353
-0.069869
-0.072458
-0.074563
-0.074761
-0.075838
-0.078329
-0.079178
-0.078859
-0.081649
-0.083093
-0.082034
-0.084530
-0.086495
-0.086257
-0.086992
-0.089382
-0.089901
-0.089063
-0.091767
-0.092957
-0.091364
-0.093673
-0.095430
-0.094769
-0.095130
-0.097337
-0.097511
-0.096179
-0.098705
-0.099601
-0.097534
-0.099569
-0.101060
-0.100002
-0.099971
-0.101921
-0.101746
-0.099962
-0.102223
-0.102796
-0.100329
-0.102015
-0.103190
-0.101772
-0.101349
-0.102974
-0.102457
-0.100283
-0.102200
-0.102431
-0.099648
-0.100927
-0.101745
-0.100016
-0.099216
-0.100460
-0.099619
-0.097130
-0.098638
-0.098517
-0.095515
-0.096345
-0.096777
-0.094795
-0.093648
-0.094467
-0.093330
-0.090615
-0.091660
-0.091191
-0.088070
-0.088427
-0.088456
-0.086288
-0.084839
-0.085203
-0.083805
-0.080963
-0.081509
-0.080705
-0.077569
-0.077448
-0.077072
-0.074788
-0.073094
-0.072989
-0.071376
-0.068511
-0.068537
-0.067422
-0.064375
-0.063790
-0.063018
-0.060693
-0.058821
-0.058248
-0.056470
-0.053691
-0.053193
-0.051803
-0.048943
-0.047927
-0.046782
-0.044489
-0.042515
-0.041492
-0.039606
-0.037015
-0.036011
-0.034388
-0.031806
-0.030408
-0.028926
-0.026738
-0.024742
-0.023301
-0.021365
-0.019064
-0.017585
-0.015780
-0.013557
-0.011840
-0.010068
-0.008054
-0.006117
-0.004304
-0.002380
-0.000457
0.001447
0.003376
0.005172
0.007133
0.009138
0.010917
0.012713
0.014838
0.016692
0.018157
0.020424
0.022417
0.023734
0.025853
0.028026
0.029519
0.031096
0.033464
0.035191
0.036136
0.038689
0.040684
0.041488
0.043671
0.045943
0.047107
0.048395
0.050928
0.052476
0.052855
0.055608
0.057544
0.057816
0.059970
0.062269
0.063071
0.064011
0.066624
0.067949
0.067737
0.070598
0.072412
0.072153
0.074187
0.076436
0.076859
0.077402
0.080010
0.081073
0.080264
0.083136
0.084773
0.084006
0.085827
0.087955
0.087994
0.088105
0.090621
0.091393
0.090005
0.092791
0.094200
0.092959
0.094489
0.096426
0.096087
0.095752
0.098092
0.098550
0.096623
0.099228
0.100365
0.098697
0.099875
0.101557
0.100855
0.100079
0.102163
0.102296
0.099893
0.102227
0.103053
0.101020
0.101801
0.103170
0.102130
0.100941
0.102696
0.102496
0.099706
0.101689
0.102171
0.099831
0.100208
0.101211
0.099857
0.098314
0.099676
0.099142
0.096072
0.097632
0.097749
0.095180
0.095146
0.095746
0.094125
0.092284
0.093204
0.092353
0.089113
0.090195
0.089941
0.087229
0.086790
0.086966
0.085129
0.083059
0.083505
0.082364
0.079069
0.079635
0.079017
0.076251
0.075431
0.075174
0.073182
0.070961
0.070915
0.069520
0.066290
0.066320
0.065356
0.062627
0.061462
0.060779
0.058695
0.056409
0.055871
0.054265
0.051220
0.050711
0.049430
0.046825
0.045369
0.044279
0.042171
0.039908
0.038894
0.037128
0.034382
0.033349
0.031792
0.029394
0.027709
0.026247
0.024180
0.022031
0.020573
0.018702
0.016357
0.014836
0.013051
0.010936
0.009095
0.007307
0.005346
0.003395
0.001542
-0.000375
-0.002227
-0.004187
-0.006142
-0.007910
-0.009830
-0.011884
-0.013679
-0.015352
-0.017540
-0.019442
-0.020729
-0.023060
-0.025124
-0.026491
-0.028409
-0.030663
-0.032237
-0.033561
-0.036011
-0.037839
-0.038507
-0.041130
-0.043236
-0.044163
-0.045998
-0.048379
-0.049683
-0.050603
-0.053232
-0.054928
-0.054945
-0.057772
-0.059851
-0.060314
-0.061990
-0.064417
-0.065413
-0.065887
-0.068606
-0.070117
-0.069475
-0.072410
-0.074393
-0.074382
-0.075831
-0.078223
-0.078882
-0.078884
-0.081602
-0.082879
-0.081595
-0.084536
-0.086359
-0.085879
-0.087041
-0.089319
-0.089622
-0.089146
-0.091770
-0.092772
-0.090885
-0.093731
-0.095334
-0.094407
-0.095234
-0.097320
-0.097261
-0.096317
-0.098757
-0.099454
-0.097072
-0.099679
-0.101007
-0.099668
-0.100127
-0.101950
-0.101532
-0.100150
-0.102323
-0.102691
-0.099899
-0.102173
-0.103181
-0.101478
-0.101551
-0.103049
-0.102287
-0.100514
-0.102345
-0.102371
-0.099267
-0.101128
-0.101782
-0.099773
-0.099457
-0.100578
-0.099499
-0.097397
-0.098822
-0.098506
-0.095195
-0.096580
-0.096857
-0.094611
-0.093920
-0.094624
-0.093264
-0.090908
-0.091877
-0.091227
-0.087822
-0.088689
-0.088578
-0.086168
-0.085132
-0.085393
-0.083796
-0.081273
-0.081751
-0.080788
-0.077401
-0.077729
-0.077230
-0.074737
-0.073398
-0.073205
-0.071422
-0.068826
-0.068796
-0.067548
-0.064292
-0.064079
-0.063207
-0.060711
-0.059125
-0.058483
-0.056570
-0.054000
-0.053460
-0.051967
-0.048947
-0.048213
-0.046994
-0.044576
-0.042809
-0.041737
-0.039755
-0.037308
-0.036276
-0.034584
-0.031897
-0.030681
-0.029154
-0.026889
-0.025015
-0.023547
-0.021559
-0.019330
-0.017838
-0.016001
-0.013731
-0.012091
-0.010303
-0.008264
-0.006360
-0.004542
-0.002610
-0.000688
0.001215
0.003139
0.004922
0.006913
0.008904
0.010657
0.012509
0.014617
0.016434
0.017971
0.020221
0.022173
0.023419
0.025672
0.027803
0.029218
0.030938
0.033267
0.034916
0.036000
0.038522
0.040441
0.041119
0.043536
0.045738
0.046777
0.048289
0.050763
0.052194
0.052775
0.055485
0.057312
0.057407
0.059886
0.062090
0.062725
0.063960
0.066498
0.067669
0.067715
0.070522
0.072200
0.071719
0.074156
0.076290
0.076509
0.077410
0.079928
0.080807
0.080301
0.083111
0.084589
0.083565
0.085851
0.087848
0.087654
0.088170
0.090586
0.091151
0.090099
0.092817
0.094051
0.092525
0.094568
0.096362
0.095769
0.095872
0.098104
0.098342
0.096772
0.099306
0.100256
0.098287
0.100006
0.101539
0.100571
0.100251
0.102223
0.102128
0.100091
0.102354
0.102990
0.100648
0.101979
0.103198
0.101889
0.101158
0.102803
0.102374
0.099947
0.101859
0.102154
0.099509
0.100427
0.101283
0.099667
0.098569
0.099824
0.099069
0.096347
0.097840
0.097778
0.094918
0.095398
0.095861
0.093992
0.092567
0.093388
0.092332
0.089412
0.090433
0.090015
0.087036
0.087067
0.087118
0.085058
0.083361
0.083719
0.082395
0.079382
0.079895
0.079134
0.076135
0.075723
0.075358
0.073174
0.071271
0.071151
0.069602
0.066607
0.066593
0.065510
0.062589
0.061759
0.060988
0.058750
0.056717
0.056121
0.054394
0.051529
0.050987
0.049617
0.046867
0.045659
0.044507
0.042286
0.040202
0.039148
0.037300
0.034671
0.033618
0.032003
0.029513
0.027983
0.026484
0.024351
0.022301
0.020823
0.018909
0.016619
0.015089
0.013280
0.011127
0.009343
0.007545
0.005566
0.003633
0.001778
-0.000140
-0.002004
-0.003959
-0.005905
-0.007654
-0.009617
-0.011655
-0.013418
-0.015156
-0.017326
-0.019188
-0.020551
-0.022866
-0.024887
-0.026179
-0.028238
-0.030450
-0.031944
-0.033414
-0.035827
-0.037575
-0.038380
-0.040978
-0.043007
-0.043808
-0.045876
-0.048190
-0.049370
-0.050509
-0.053084
-0.054664
-0.054874
-0.057666
-0.059640
-0.059928
-0.061921
-0.064260
-0.065092
-0.065850
-0.068501
-0.069863
-0.069463
-0.072353
-0.074207
-0.073980
-0.075817
-0.078103
-0.078564
-0.078906
-0.081543
-0.082645
-0.081642
-0.084532
-0.086205
-0.085476
-0.087084
-0.089241
-0.089319
-0.089225
-0.091759
-0.092566
-0.090989
-0.093780
-0.095218
-0.094016
-0.095331
-0.097286
-0.096983
-0.096451
-0.098796
-0.099283
-0.097182
-0.099778
-0.100933
-0.099303
-0.100275
-0.101962
-0.101290
-0.100334
-0.102410
-0.102561
-0.100008
-0.102320
-0.103152
-0.101153
-0.101745
-0.103106
-0.102089
-0.100742
-0.102476
-0.102287
-0.099370
-0.101317
-0.101798
-0.099498
-0.099691
-0.100679
-0.099352
-0.097661
-0.098993
-0.098470
-0.095290
-0.096806
-0.096918
-0.094396
-0.094185
-0.094765
-0.093172
-0.091199
-0.092082
-0.091242
-0.087912
-0.088943
-0.088681
-0.086021
-0.085419
-0.085569
-0.083762
-0.081580
-0.081983
-0.080851
-0.077492
-0.078001
-0.077372
-0.074661
-0.073697
-0.073410
-0.071448
-0.069139
-0.069046
-0.067658
-0.064392
-0.064361
-0.063382
-0.060709
-0.059426
-0.058708
-0.056655
-0.054308
-0.053720
-0.052119
-0.049066
-0.048494
-0.047196
-0.044647
-0.043101
-0.041975
-0.039894
-0.037601
-0.036536
-0.034772
-0.032046
-0.030952
-0.029375
-0.027031
-0.025288
-0.023789
-0.021746
-0.019596
-0.018089
-0.016218
-0.013921
-0.012342
-0.010536
-0.008469
-0.006604
-0.004780
-0.002839
-0.000919
0.000982
0.002901
0.004679
0.006692
0.008668
0.010395
0.012303
0.014393
0.016173
0.017783
0.020015
0.021923
0.023110
0.025488
0.027574
0.028910
0.030777
0.033065
0.034631
0.035862
0.038350
0.040189
0.040738
0.043395
0.045524
0.046435
0.048179
0.050590
0.051897
0.052692
0.055354
0.057067
0.056981
0.059795
0.061899
0.062361
0.063905
0.066361
0.067372
0.067690
0.070436
0.071971
0.071263
0.074118
0.076130
0.076137
0.077412
0.079832
0.080520
0.080335
0.083075
0.084386
0.083096
0.085867
0.087724
0.087289
0.088229
0.090535
0.090886
0.090191
0.092832
0.093881
0.092061
0.094638
0.096280
0.095423
0.095987
0.098101
0.098107
0.096918
0.099371
0.100125
0.097844
0.100128
0.101501
0.100257
0.100416
0.102268
0.101933
0.100286
0.102467
0.102903
0.100242
0.102149
0.103206
0.101618
0.101369
0.102893
0.102225
0.100185
0.102017
0.102113
0.099153
0.100638
0.101337
0.099448
0.098817
0.099956
0.098971
0.096619
0.098036
0.097785
0.094625
0.095643
0.095957
0.093831
0.092845
0.093558
0.092287
0.089709
0.090660
0.090069
0.086814
0.087337
0.087254
0.084961
0.083659
0.083920
0.082405
0.079694
0.080146
0.079232
0.075991
0.076008
0.075528
0.073143
0.071578
0.071376
0.069665
0.066922
0.066858
0.065650
0.062529
0.062050
0.061186
0.058787
0.057022
0.056362
0.054509
0.051837
0.051257
0.049791
0.046892
0.045946
0.044726
0.042389
0.040495
0.039397
0.037461
0.034961
0.033884
0.032207
0.029621
0.028255
0.026716
0.024515
0.022571
0.021070
0.019111
0.016880
0.015340
0.013505
0.011314
0.009590
0.007781
0.005784
0.003871
0.002014
0.000095
-0.001779
-0.003731
-0.005667
-0.007396
-0.009402
-0.011423
-0.013154
-0.014958
-0.017109
-0.018930
-0.020371
-0.022669
-0.024644
-0.025861
-0.028064
-0.030232
-0.031644
-0.033264
-0.035637
-0.037303
-0.038252
-0.040819
-0.042770
-0.043440
-0.045749
-0.047992
-0.049045
-0.050412
-0.052929
-0.054388
-0.054802
-0.057552
-0.059416
-0.059524
-0.061846
-0.064091
-0.064753
-0.065809
-0.068385
-0.069593
-0.069449
-0.072288
-0.074005
-0.073555
-0.075796
-0.077969
-0.078224
-0.078922
-0.081472
-0.082390
-0.081687
-0.084517
-0.086033
-0.085045
-0.087118
-0.089146
-0.088991
-0.089299
-0.091735
-0.092337
-0.091091
-0.093817
-0.095081
-0.093595
-0.095420
-0.097235
-0.096678
-0.096580
-0.098819
-0.099087
-0.097338
-0.099866
-0.100837
-0.098907
-0.100416
-0.101956
-0.101019
-0.100514
-0.102480
-0.102406
-0.100212
-0.102455
-0.103100
-0.100795
-0.101932
-0.103145
-0.101862
-0.100966
-0.102592
-0.102178
-0.099615
-0.101496
-0.101792
-0.099192
-0.099918
-0.100762
-0.099176
-0.097921
-0.099150
-0.098410
-0.095569
-0.097021
-0.096958
-0.094151
-0.094444
-0.094889
-0.093054
-0.091486
-0.092274
-0.091233
-0.088214
-0.089187
-0.088766
-0.085845
-0.085700
-0.085729
-0.083705
-0.081884
-0.082204
-0.080894
-0.077806
-0.078266
-0.077497
-0.074561
-0.073991
-0.073601
-0.071453
-0.069450
-0.069287
-0.067751
-0.064707
-0.064637
-0.063544
-0.060687
-0.059723
-0.058924
-0.056722
-0.054615
-0.053973
-0.052257
-0.049372
-0.048771
-0.047389
-0.044703
-0.043390
-0.042206
-0.040020
-0.037893
-0.036791
-0.034951
-0.032332
-0.031220
-0.029591
-0.027162
-0.025559
-0.024027
-0.021926
-0.019863
-0.018338
-0.016430
-0.014178
-0.012592
-0.010767
-0.008671
-0.006847
-0.005017
-0.003066
-0.001151
0.000748
0.002663
0.004461
0.006469
0.008431
0.010131
0.012096
0.014166
0.015908
0.017594
0.019805
0.021668
0.022939
0.025300
0.027339
0.028594
0.030614
0.032857
0.034338
0.035722
0.038172
0.039928
0.040614
0.043250
0.045301
0.046079
0.048065
0.050408
0.051588
0.052606
0.055214
0.056809
0.056875
0.059697
0.061695
0.061979
0.063845
0.066213
0.067057
0.067662
0.070341
0.071726
0.071159
0.074071
0.075953
0.075743
0.077407
0.079722
0.080212
0.080365
0.083026
0.084163
0.082970
0.085874
0.087582
0.086897
0.088282
0.090469
0.090596
0.090278
0.092833
0.093689
0.091901
0.094698
0.096178
0.095048
0.096094
0.098081
0.097847
0.097061
0.099422
0.099971
0.097645
0.100239
0.101443
0.099912
0.100575
0.102294
0.101710
0.100479
0.102567
0.102792
0.100005
0.102308
0.103194
0.101316
0.101573
0.102966
0.102048
0.100420
0.102161
0.102048
0.098909
0.100838
0.101370
0.099197
0.099060
0.100072
0.098845
0.096889
0.098219
0.097769
0.094390
0.095878
0.096034
0.093640
0.093117
0.093712
0.092217
0.090004
0.090876
0.090101
0.086604
0.087598
0.087372
0.084837
0.083951
0.084108
0.082392
0.080004
0.080387
0.079312
0.075821
0.076287
0.075683
0.073090
0.071881
0.071590
0.069710
0.067236
0.067115
0.065773
0.062446
0.062336
0.061373
0.058805
0.057324
0.056595
0.054609
0.052144
0.051522
0.049955
0.046899
0.046229
0.044936
0.042477
0.040786
0.039640
0.037612
0.035251
0.034146
0.032403
0.029717
0.028526
0.026943
0.024670
0.022841
0.021314
0.019307
0.017143
0.015591
0.013727
0.011495
0.009838
0.008016
0.005999
0.004109
0.002251
0.000329
-0.001554
-0.003501
-0.005428
-0.007138
-0.009186
-0.011189
-0.012887
-0.014759
-0.016888
-0.018667
-0.020190
-0.022469
-0.024397
-0.025535
-0.027887
-0.030007
-0.031335
-0.033111
-0.035441
-0.037021
-0.038122
-0.040655
-0.042523
-0.043059
-0.045618
-0.047785
-0.048705
-0.050311
-0.052764
-0.054097
-0.054728
-0.057430
-0.059179
-0.059101
-0.061764
-0.063909
-0.064396
-0.065763
-0.068259
-0.069304
-0.069433
-0.072213
-0.073787
-0.073106
-0.075768
-0.077819
-0.077862
-0.078934
-0.081387
-0.082115
-0.081729
-0.084492
-0.085841
-0.084587
-0.087145
-0.089034
-0.088637
-0.089367
-0.091696
-0.092084
-0.091191
-0.093843
-0.094923
-0.093143
-0.095500
-0.097164
-0.096345
-0.096703
-0.098827
-0.098865
-0.097492
-0.099942
-0.100718
-0.098478
-0.100546
-0.101930
-0.100719
-0.100687
-0.102535
-0.102224
-0.100415
-0.102578
-0.103025
-0.100404
-0.102109
-0.103164
-0.101605
-0.101183
-0.102691
-0.102042
-0.099859
-0.101662
-0.101763
-0.098852
-0.100135
-0.100826
-0.098971
-0.098175
-0.099291
-0.098325
-0.095845
-0.097224
-0.096977
-0.093874
-0.094694
-0.094995
-0.092908
-0.091768
-0.092452
-0.091201
-0.088514
-0.089421
-0.088830
-0.085640
-0.085975
-0.085874
-0.083623
-0.082185
-0.082412
-0.080916
-0.078119
-0.078522
-0.077606
-0.074435
-0.074280
-0.073778
-0.071437
-0.069758
-0.069518
-0.067825
-0.065023
-0.064905
-0.063692
-0.060643
-0.060016
-0.059128
-0.056772
-0.054920
-0.054218
-0.052382
-0.049679
-0.049043
-0.047571
-0.044743
-0.043677
-0.042429
-0.040134
-0.038183
-0.037042
-0.035120
-0.032619
-0.031486
-0.029800
-0.027283
-0.025829
-0.024261
-0.022099
-0.020130
-0.018585
-0.016638
-0.014435
-0.012841
-0.010995
-0.008868
-0.007091
-0.005253
-0.003291
-0.001384
0.000514
0.002425
0.004242
0.006244
0.008192
0.009865
0.011887
0.013936
0.015639
0.017403
0.019592
0.021409
0.022766
0.025109
0.027098
0.028270
0.030447
0.032642
0.034037
0.035580
0.037988
0.039657
0.040493
0.043098
0.045068
0.045710
0.047946
0.050217
0.051264
0.052517
0.055066
0.056537
0.056810
0.059591
0.061478
0.061577
0.063779
0.066052
0.066724
0.067629
0.070234
0.071463
0.071154
0.074015
0.075761
0.075325
0.077397
0.079598
0.079882
0.080391
0.082966
0.083919
0.083023
0.085870
0.087422
0.086478
0.088327
0.090386
0.090281
0.090362
0.092821
0.093473
0.092011
0.094747
0.096056
0.094643
0.096193
0.098043
0.097559
0.097199
0.099459
0.099792
0.097808
0.100339
0.101363
0.099536
0.100725
0.102303
0.101460
0.100666
0.102651
0.102655
0.100216
0.102455
0.103160
0.100982
0.101769
0.103020
0.101843
0.100651
0.102290
0.101959
0.099160
0.101028
0.101381
0.098915
0.099295
0.100170
0.098692
0.097155
0.098388
0.097728
0.094672
0.096103
0.096091
0.093420
0.093383
0.093850
0.092120
0.090296
0.091079
0.090112
0.086908
0.087851
0.087472
0.084686
0.084238
0.084281
0.082355
0.080311
0.080617
0.079372
0.076136
0.076558
0.075823
0.073012
0.072179
0.071792
0.069734
0.067549
0.067363
0.065881
0.062731
0.062616
0.061546
0.058804
0.057623
0.056818
0.054693
0.052451
0.051779
0.050106
0.047158
0.046508
0.045137
0.042551
0.041075
0.039876
0.037752
0.035541
0.034404
0.032591
0.029957
0.028794
0.027164
0.024815
0.023110
0.021554
0.019497
0.017406
0.015839
0.013945
0.011724
0.010086
0.008249
0.006211
0.004349
0.002487
0.000561
-0.001327
-0.003271
-0.005187
-0.006908
-0.008968
-0.010953
-0.012617
-0.014558
-0.016665
-0.018400
-0.020008
-0.022265
-0.024144
-0.025296
-0.027706
-0.029776
-0.031018
-0.032955
-0.035239
-0.036730
-0.037990
-0.040485
-0.042267
-0.042802
-0.045481
-0.047569
-0.048352
-0.050205
-0.052591
-0.053793
-0.054651
-0.057300
-0.058928
-0.058819
-0.061676
-0.063714
-0.064020
-0.065713
-0.068120
-0.068998
-0.069414
-0.072127
-0.073552
-0.072795
-0.075732
-0.077654
-0.077477
-0.078940
-0.081289
-0.081817
-0.081768
-0.084455
-0.085630
-0.084245
-0.087162
-0.088904
-0.088256
-0.089429
-0.091641
-0.091806
-0.091288
-0.093855
-0.094743
-0.092774
-0.095570
-0.097075
-0.095983
-0.096819
-0.098819
-0.098617
-0.097642
-0.100004
-0.100576
-0.098088
-0.100667
-0.101883
-0.100388
-0.100854
-0.102573
-0.102014
-0.100614
-0.102688
-0.102926
-0.100002
-0.102277
-0.103163
-0.101317
-0.101394
-0.102774
-0.101878
-0.100100
-0.101815
-0.101711
-0.098477
-0.100343
-0.100870
-0.098736
-0.098424
-0.099416
-0.098213
-0.096120
-0.097415
-0.096973
-0.093564
-0.094935
-0.095082
-0.092733
-0.092045
-0.092615
-0.091144
-0.088812
-0.089643
-0.088874
-0.085405
-0.086241
-0.086002
-0.083515
-0.082481
-0.082606
-0.080916
-0.078431
-0.078767
-0.077696
-0.074282
-0.074562
-0.073942
-0.071399
-0.070063
-0.069737
-0.067882
-0.065337
-0.065166
-0.063825
-0.060578
-0.060303
-0.059320
-0.056804
-0.055222
-0.054454
-0.052492
-0.049985
-0.049309
-0.047741
-0.044766
-0.043960
-0.042644
-0.040234
-0.038473
-0.037287
-0.035280
-0.032906
-0.031748
-0.030002
-0.027393
-0.026097
-0.024491
-0.022263
-0.020396
-0.018829
-0.016841
-0.014693
-0.013090
-0.011221
-0.009061
-0.007336
-0.005489
-0.003514
-0.001618
0.000279
0.002187
0.004022
0.006018
0.007952
0.009598
0.011675
0.013703
0.015367
0.017209
0.019375
0.021145
0.022591
0.024913
0.026852
0.027939
0.030276
0.032421
0.033726
0.035434
0.037798
0.039377
0.040371
0.042941
0.044825
0.045327
0.047822
0.050016
0.050926
0.052424
0.054909
0.056251
0.056744
0.059478
0.061248
0.061157
0.063706
0.065878
0.066372
0.067593
0.070117
0.071182
0.071146
0.073950
0.075552
0.074883
0.077378
0.079459
0.079529
0.080412
0.082892
0.083655
0.083074
0.085856
0.087242
0.086031
0.088363
0.090286
0.089941
0.090440
0.092794
0.093234
0.092119
0.094784
0.095912
0.094208
0.096284
0.097987
0.097243
0.097331
0.099481
0.099588
0.097970
0.100427
0.101261
0.099128
0.100867
0.102293
0.101180
0.100849
0.102721
0.102493
0.100425
0.102591
0.103103
0.100615
0.101957
0.103056
0.101609
0.100877
0.102404
0.101843
0.099410
0.101206
0.101371
0.098601
0.099522
0.100250
0.098510
0.097417
0.098543
0.097663
0.094954
0.096317
0.096127
0.093169
0.093641
0.093971
0.091997
0.090583
0.091269
0.090099
0.087211
0.088093
0.087553
0.084506
0.084519
0.084438
0.082295
0.080615
0.080834
0.079412
0.076451
0.076820
0.075946
0.072910
0.072471
0.071981
0.069738
0.067858
0.067602
0.065972
0.063046
0.062889
0.061706
0.058782
0.057918
0.057030
0.054760
0.052755
0.052029
0.050243
0.047463
0.046783
0.045328
0.042609
0.041362
0.040105
0.037879
0.035830
0.034657
0.032771
0.030241
0.029059
0.027379
0.024952
0.023378
0.021791
0.019680
0.017669
0.016086
0.014159
0.011977
0.010333
0.008480
0.006420
0.004589
0.002723
0.000793
-0.001099
-0.003039
-0.004947
-0.006696
-0.008748
-0.010715
-0.012345
-0.014354
-0.016438
-0.018129
-0.019823
-0.022057
-0.023885
-0.025130
-0.027521
-0.029539
-0.030692
-0.032795
-0.035030
-0.036429
-0.037855
-0.040308
-0.042000
-0.042689
-0.045338
-0.047342
-0.047985
-0.050095
-0.052407
-0.053474
-0.054570
-0.057161
-0.058664
-0.058763
-0.061580
-0.063506
-0.063625
-0.065656
-0.067969
-0.068673
-0.069391
-0.072032
-0.073299
-0.072798
-0.075687
-0.077472
-0.077068
-0.078939
-0.081176
-0.081498
-0.081804
-0.084406
-0.085397
-0.084307
-0.087169
-0.088755
-0.087849
-0.089484
-0.091570
-0.091503
-0.091380
-0.093854
-0.094540
-0.092892
-0.095630
-0.096964
-0.095591
-0.096928
-0.098793
-0.098342
-0.097789
-0.100051
-0.100410
-0.098258
-0.100777
-0.101816
-0.100026
-0.101013
-0.102593
-0.101777
-0.100809
-0.102782
-0.102802
-0.100219
-0.102433
-0.103141
-0.100997
-0.101598
-0.102839
-0.101687
-0.100337
-0.101953
-0.101634
-0.098709
-0.100541
-0.100893
-0.098469
-0.098665
-0.099524
-0.098074
-0.096391
-0.097593
-0.096945
-0.093782
-0.095167
-0.095150
-0.092529
-0.092316
-0.092762
-0.091062
-0.089107
-0.089853
-0.088897
-0.085608
-0.086499
-0.086112
-0.083379
-0.082771
-0.082787
-0.080893
-0.078740
-0.079003
-0.077768
-0.074472
-0.074837
-0.074090
-0.071337
-0.070363
-0.069945
-0.067919
-0.065650
-0.065418
-0.063943
-0.060761
-0.060585
-0.059501
-0.056817
-0.055521
-0.054682
-0.052587
-0.050290
-0.049569
-0.047900
-0.044950
-0.044239
-0.042851
-0.040321
-0.038760
-0.037525
-0.035429
-0.033193
-0.032006
-0.030196
-0.027587
-0.026364
-0.024715
-0.022420
-0.020662
-0.019070
-0.017038
-0.014952
-0.013337
-0.011443
-0.009275
-0.007580
-0.005723
-0.003734
-0.001853
0.000049
0.001949
0.003801
0.005791
0.007710
0.009352
0.011462
0.013468
0.015091
0.017014
0.019155
0.020876
0.022415
0.024714
0.026600
0.027647
0.030101
0.032194
0.033406
0.035285
0.037601
0.039087
0.040246
0.042778
0.044572
0.044977
0.047693
0.049805
0.050574
0.052327
0.054743
0.055950
0.056675
0.059356
0.061003
0.060743
0.063627
0.065692
0.066000
0.067551
0.069987
0.070883
0.071135
0.073875
0.075326
0.074417
0.077352
0.079304
0.079152
0.080427
0.082805
0.083368
0.083122
0.085830
0.087043
0.085556
0.088391
0.090169
0.089573
0.090512
0.092752
0.092971
0.092224
0.094809
0.095747
0.093741
0.096365
0.097912
0.096898
0.097457
0.099486
0.099357
0.098128
0.100502
0.101136
0.098686
0.100999
0.102263
0.100870
0.101025
0.102773
0.102304
0.100632
0.102713
0.103023
0.100214
0.102135
0.103072
0.101344
0.101097
0.102502
0.101701
0.099657
0.101371
0.101338
0.098252
0.099740
0.100310
0.098298
0.097672
0.098682
0.097573
0.095233
0.096519
0.096141
0.092886
0.093891
0.094074
0.091846
0.090866
0.091444
0.090063
0.087513
0.088325
0.087614
0.084297
0.084792
0.084580
0.082209
0.080915
0.081040
0.079431
0.076764
0.077074
0.076051
0.072783
0.072758
0.072156
0.069720
0.068165
0.067830
0.066045
0.063361
0.063155
0.061852
0.058739
0.058208
0.057232
0.054810
0.053058
0.052272
0.050368
0.047767
0.047052
0.045509
0.042652
0.041645
0.040327
0.037995
0.036118
0.034905
0.032941
0.030525
0.029321
0.027588
0.025078
0.023644
0.022024
0.019857
0.017931
0.016331
0.014369
0.012231
0.010579
0.008709
0.006624
0.004829
0.002959
0.001023
-0.000870
-0.002807
-0.004705
-0.006481
-0.008526
-0.010474
-0.012070
-0.014149
-0.016209
-0.017854
-0.019637
-0.021845
-0.023621
-0.024963
-0.027333
-0.029296
-0.030357
-0.032632
-0.034815
-0.036119
-0.037717
-0.040125
-0.041723
-0.042574
-0.045189
-0.047105
-0.047603
-0.049980
-0.052214
-0.053141
-0.054486
-0.057013
-0.058385
-0.058705
-0.061477
-0.063285
-0.063210
-0.065593
-0.067805
-0.068329
-0.069363
-0.071924
-0.073028
-0.072798
-0.075632
-0.077274
-0.076636
-0.078931
-0.081048
-0.081155
-0.081834
-0.084343
-0.085144
-0.084366
-0.087165
-0.088587
-0.087413
-0.089531
-0.091482
-0.091175
-0.091467
-0.093839
-0.094314
-0.093008
-0.095678
-0.096833
-0.095169
-0.097028
-0.098748
-0.098040
-0.097930
-0.100084
-0.100218
-0.098426
-0.100875
-0.101726
-0.099631
-0.101163
-0.102594
-0.101511
-0.100999
-0.102862
-0.102653
-0.100435
-0.102577
-0.103096
-0.100644
-0.101794
-0.102886
-0.101466
-0.100569
-0.102077
-0.101531
-0.098964
-0.100727
-0.100894
-0.098170
-0.098899
-0.099614
-0.097906
-0.096657
-0.097756
-0.096893
-0.094067
-0.095388
-0.095198
-0.092294
-0.092579
-0.092892
-0.090953
-0.089399
-0.090050
-0.088897
-0.085913
-0.086747
-0.086203
-0.083217
-0.083055
-0.082953
-0.080847
-0.079047
-0.079227
-0.077819
-0.074787
-0.075103
-0.074222
-0.071251
-0.070658
-0.070141
-0.067936
-0.065960
-0.065660
-0.064044
-0.061075
-0.060861
-0.059669
-0.056810
-0.055816
-0.054900
-0.052667
-0.050593
-0.049822
-0.048047
-0.045252
-0.044513
-0.043048
-0.040393
-0.039045
-0.037758
-0.035567
-0.033479
-0.032260
-0.030383
-0.027867
-0.026628
-0.024934
-0.022568
-0.020927
-0.019309
-0.017229
-0.015211
-0.013583
-0.011662
-0.009523
-0.007824
-0.005956
-0.003952
-0.002088
-0.000191
0.001712
0.003579
0.005562
0.007467
0.009145
0.011247
0.013230
0.014813
0.016817
0.018931
0.020601
0.022238
0.024511
0.026341
0.027488
0.029923
0.031960
0.033077
0.035133
0.037397
0.038786
0.040119
0.042608
0.044308
0.044872
0.047558
0.049584
0.050207
0.052226
0.054567
0.055635
0.056603
0.059226
0.060744
0.060695
0.063540
0.065491
0.065609
0.067504
0.069845
0.070564
0.071121
0.073789
0.075081
0.074408
0.077317
0.079132
0.078751
0.080437
0.082703
0.083058
0.083167
0.085792
0.086822
0.085535
0.088410
0.090033
0.089177
0.090578
0.092695
0.092682
0.092326
0.094821
0.095558
0.093694
0.096437
0.097816
0.096522
0.097577
0.099475
0.099099
0.098284
0.100564
0.100987
0.098605
0.101122
0.102212
0.100527
0.101195
0.102809
0.102086
0.100835
0.102822
0.102918
0.100099
0.102303
0.103067
0.101047
0.101310
0.102582
0.101532
0.099901
0.101523
0.101280
0.098136
0.099948
0.100350
0.098056
0.097922
0.098804
0.097455
0.095509
0.096708
0.096133
0.092775
0.094132
0.094158
0.091666
0.091143
0.091604
0.090002
0.087812
0.088546
0.087655
0.084203
0.085057
0.084704
0.082098
0.081210
0.081232
0.079428
0.077076
0.077317
0.076139
0.072718
0.073038
0.072316
0.069680
0.068468
0.068047
0.066100
0.063674
0.063413
0.061984
0.058718
0.058493
0.057423
0.054843
0.053358
0.052506
0.050478
0.048071
0.047315
0.045679
0.042690
0.041925
0.040540
0.038098
0.036404
0.035148
0.033102
0.030809
0.029581
0.027790
0.025194
0.023909
0.022253
0.020026
0.018194
0.016573
0.014575
0.012485
0.010825
0.008935
0.006824
0.005070
0.003194
0.001252
-0.000641
-0.002573
-0.004463
-0.006266
-0.008303
-0.010231
-0.011793
-0.013941
-0.015975
-0.017574
-0.019448
-0.021630
-0.023351
-0.024794
-0.027140
-0.029046
-0.030015
-0.032465
-0.034592
-0.035800
-0.037576
-0.039935
-0.041436
-0.042457
-0.045033
-0.046858
-0.047207
-0.049860
-0.052011
-0.052793
-0.054398
-0.056855
-0.058091
-0.058645
-0.061364
-0.063049
-0.062775
-0.065524
-0.067629
-0.067965
-0.069331
-0.071805
-0.072738
-0.072796
-0.075567
-0.077058
-0.076178
-0.078915
-0.080904
-0.080789
-0.081859
-0.084267
-0.084869
-0.084423
-0.087151
-0.088399
-0.086949
-0.089569
-0.091377
-0.090819
-0.091548
-0.093809
-0.094063
-0.093121
-0.095713
-0.096680
-0.094715
-0.097120
-0.098685
-0.097708
-0.098065
-0.100101
-0.100001
-0.098592
-0.100960
-0.101614
-0.099204
-0.101305
-0.102575
-0.101214
-0.101183
-0.102925
-0.102476
-0.100648
-0.102709
-0.103027
-0.100258
-0.101980
-0.102912
-0.101215
-0.100796
-0.102184
-0.101402
-0.099216
-0.100900
-0.100873
-0.097839
-0.099124
-0.099685
-0.097710
-0.096918
-0.097904
-0.096816
-0.094350
-0.095597
-0.095223
-0.092028
-0.092835
-0.093005
-0.090818
-0.089686
-0.090233
-0.088874
-0.086218
-0.086985
-0.086275
-0.083025
-0.083333
-0.083103
-0.080776
-0.079349
-0.079439
-0.077851
-0.075102
-0.075361
-0.074337
-0.071141
-0.070947
-0.070323
-0.067932
-0.066268
-0.065893
-0.064128
-0.061389
-0.061129
-0.059823
-0.056784
-0.056107
-0.055107
-0.052730
-0.050895
-0.050067
-0.048181
-0.045555
-0.044783
-0.043235
-0.040451
-0.039328
-0.037983
-0.035694
-0.033764
-0.032509
-0.030561
-0.028148
-0.026890
-0.025148
-0.022707
-0.021191
-0.019543
-0.017415
-0.015470
-0.013827
-0.011877
-0.009772
-0.008068
-0.006187
-0.004166
-0.002324
-0.000427
0.001475
0.003356
0.005332
0.007222
0.008937
0.011030
0.012989
0.014531
0.016617
0.018704
0.020322
0.022058
0.024304
0.026077
0.027328
0.029740
0.031719
0.032738
0.034977
0.037187
0.038475
0.039989
0.042431
0.044034
0.044765
0.047416
0.049352
0.049825
0.052119
0.054381
0.055305
0.056528
0.059086
0.060471
0.060645
0.063445
0.065277
0.065198
0.067450
0.069690
0.070226
0.071103
0.073691
0.074818
0.074417
0.077272
0.078944
0.078326
0.080439
0.082586
0.082726
0.083207
0.085741
0.086580
0.085603
0.088417
0.089878
0.088755
0.090635
0.092620
0.092367
0.092423
0.094818
0.095347
0.093818
0.096497
0.097700
0.096116
0.097688
0.099445
0.098814
0.098434
0.100610
0.100813
0.098781
0.101232
0.102139
0.100154
0.101356
0.102825
0.101840
0.101034
0.102915
0.102789
0.100321
0.102460
0.103040
0.100719
0.101515
0.102645
0.101333
0.100140
0.101660
0.101198
0.098396
0.100145
0.100369
0.097782
0.098164
0.098909
0.097311
0.095782
0.096884
0.096101
0.093064
0.094362
0.094222
0.091457
0.091414
0.091748
0.089915
0.088108
0.088754
0.087673
0.084511
0.085313
0.084811
0.081959
0.081500
0.081410
0.079403
0.077385
0.077550
0.076208
0.073034
0.073311
0.072462
0.069617
0.068766
0.068252
0.066136
0.063985
0.063663
0.062100
0.059032
0.058772
0.057602
0.054857
0.053654
0.052731
0.050573
0.048374
0.047572
0.045838
0.042990
0.042201
0.040745
0.038188
0.036688
0.035385
0.033253
0.031092
0.029836
0.027985
0.025464
0.024173
0.022477
0.020188
0.018456
0.016813
0.014775
0.012739
0.011069
0.009160
0.007062
0.005310
0.003429
0.001479
-0.000410
-0.002339
-0.004221
-0.006050
-0.008078
-0.009987
-0.011578
-0.013731
-0.015739
-0.017290
-0.019257
-0.021410
-0.023076
-0.024623
-0.026943
-0.028790
-0.029812
-0.032294
-0.034363
-0.035470
-0.037432
-0.039738
-0.041139
-0.042338
-0.044871
-0.046600
-0.047007
-0.049733
-0.051797
-0.052430
-0.054305
-0.056688
-0.057782
-0.058582
-0.061243
-0.062798
-0.062568
-0.065447
-0.067438
-0.067581
-0.069293
-0.071674
-0.072428
-0.072791
-0.075492
-0.076824
-0.075958
-0.078890
-0.080744
-0.080399
-0.081878
-0.084176
-0.084571
-0.084476
-0.087124
-0.088191
-0.086713
-0.089598
-0.091253
-0.090437
-0.091623
-0.093762
-0.093787
-0.093231
-0.095736
-0.096505
-0.094462
-0.097201
-0.098602
-0.097346
-0.098193
-0.100100
-0.099757
-0.098755
-0.101031
-0.101477
-0.098937
-0.101435
-0.102536
-0.100887
-0.101360
-0.102971
-0.102272
-0.100857
-0.102827
-0.102935
-0.099984
-0.102156
-0.102918
-0.100933
-0.101016
-0.102274
-0.101246
-0.099466
-0.101060
-0.100827
-0.097568
-0.099339
-0.099736
-0.097483
-0.097174
-0.098036
-0.096712
-0.094631
-0.095794
-0.095227
-0.091774
-0.093082
-0.093099
-0.090653
-0.089967
-0.090402
-0.088826
-0.086520
-0.087211
-0.086327
-0.082805
-0.083602
-0.083237
-0.080680
-0.079647
-0.079638
-0.077861
-0.075415
-0.075609
-0.074435
-0.071004
-0.071230
-0.070491
-0.067907
-0.066572
-0.066116
-0.064195
-0.061702
-0.061391
-0.059963
-0.056737
-0.056393
-0.055304
-0.052776
-0.051194
-0.050305
-0.048301
-0.045857
-0.045048
-0.043412
-0.040494
-0.039607
-0.038201
-0.035809
-0.034049
-0.032754
-0.030730
-0.028428
-0.027148
-0.025355
-0.022837
-0.021454
-0.019774
-0.017594
-0.015729
-0.014069
-0.012089
-0.010021
-0.008311
-0.006417
-0.004378
-0.002561
-0.000662
0.001239
0.003131
0.005101
0.006976
0.008727
0.010810
0.012746
0.014245
0.016415
0.018473
0.020038
0.021875
0.024092
0.025806
0.027166
0.029553
0.031471
0.032391
0.034816
0.036968
0.038155
0.039855
0.042247
0.043749
0.044656
0.047268
0.049109
0.049428
0.052006
0.054184
0.054959
0.056448
0.058936
0.060182
0.060593
0.063342
0.065048
0.064766
0.067390
0.069522
0.069868
0.071080
0.073582
0.074536
0.074424
0.077218
0.078738
0.077876
0.080433
0.082453
0.082370
0.083241
0.085676
0.086316
0.085668
0.088414
0.089703
0.088303
0.090684
0.092527
0.092026
0.092514
0.094800
0.095111
0.093940
0.096545
0.097562
0.095680
0.097791
0.099396
0.098500
0.098579
0.100640
0.100613
0.098955
0.101329
0.102044
0.099748
0.101508
0.102823
0.101565
0.101227
0.102993
0.102633
0.100540
0.102604
0.102990
0.100357
0.101712
0.102688
0.101105
0.100375
0.101781
0.101090
0.098654
0.100330
0.100366
0.097476
0.098398
0.098996
0.097137
0.096050
0.097045
0.096044
0.093351
0.094582
0.094266
0.091217
0.091677
0.091876
0.089802
0.088400
0.088948
0.087670
0.084818
0.085559
0.084899
0.081793
0.081783
0.081573
0.079354
0.077691
0.077772
0.076257
0.073350
0.073575
0.072591
0.069530
0.069059
0.068445
0.066152
0.064294
0.063903
0.062199
0.059345
0.059045
0.057768
0.054851
0.053947
0.052947
0.050653
0.048675
0.047823
0.045984
0.043290
0.042473
0.040941
0.038264
0.036970
0.035615
0.033393
0.031375
0.030088
0.028172
0.025741
0.024434
0.022696
0.020341
0.018718
0.017050
0.014970
0.012994
0.011313
0.009381
0.007306
0.005551
0.003662
0.001704
-0.000178
-0.002105
-0.003978
-0.005832
-0.007851
-0.009740
-0.011376
-0.013519
-0.015500
-0.017003
-0.019064
-0.021186
-0.022796
-0.024450
-0.026741
-0.028527
-0.029659
-0.032118
-0.034126
-0.035131
-0.037283
-0.039533
-0.040830
-0.042216
-0.044702
-0.046330
-0.046908
-0.049601
-0.051572
-0.052051
-0.054207
-0.056510
-0.057457
-0.058515
-0.061113
-0.062532
-0.062527
-0.065362
-0.067233
-0.067177
-0.069250
-0.071530
-0.072100
-0.072782
-0.075405
-0.076572
-0.075975
-0.078856
-0.080566
-0.079984
-0.081890
-0.084071
-0.084249
-0.084525
-0.087084
-0.087961
-0.086789
-0.089616
-0.091110
-0.090026
-0.091690
-0.093699
-0.093485
-0.093336
-0.095744
-0.096306
-0.094593
-0.097271
-0.098498
-0.096954
-0.098313
-0.100082
-0.099485
-0.098913
-0.101088
-0.101316
-0.099119
-0.101555
-0.102475
-0.100527
-0.101529
-0.102998
-0.102040
-0.101063
-0.102930
-0.102818
-0.100211
-0.102321
-0.102903
-0.100619
-0.101228
-0.102347
-0.101061
-0.099711
-0.101206
-0.100758
-0.097832
-0.099543
-0.099766
-0.097225
-0.097422
-0.098150
-0.096581
-0.094908
-0.095978
-0.095207
-0.092066
-0.093319
-0.093174
-0.090460
-0.090242
-0.090555
-0.088754
-0.086819
-0.087426
-0.086358
-0.083114
-0.083863
-0.083353
-0.080558
-0.079940
-0.079823
-0.077849
-0.075726
-0.075848
-0.074515
-0.071286
-0.071506
-0.070645
-0.067860
-0.066871
-0.066327
-0.064243
-0.062014
-0.061644
-0.060089
-0.056994
-0.056674
-0.055489
-0.052804
-0.051491
-0.050535
-0.048408
-0.046158
-0.045307
-0.043578
-0.040732
-0.039883
-0.038411
-0.035911
-0.034331
-0.032993
-0.030890
-0.028709
-0.027404
-0.025556
-0.023065
-0.021715
-0.020001
-0.017766
-0.015987
-0.014309
-0.012296
-0.010271
-0.008554
-0.006645
-0.004605
-0.002798
-0.000898
0.001004
0.002905
0.004869
0.006729
0.008517
0.010589
0.012500
0.014008
0.016210
0.018238
0.019750
0.021691
0.023877
0.025529
0.027002
0.029362
0.031216
0.032127
0.034652
0.036743
0.037823
0.039718
0.042056
0.043452
0.044545
0.047113
0.048854
0.049127
0.051888
0.053976
0.054597
0.056364
0.058776
0.059878
0.060538
0.063230
0.064804
0.064418
0.067322
0.069340
0.069490
0.071051
0.073460
0.074235
0.074427
0.077152
0.078513
0.077470
0.080418
0.082303
0.081989
0.083270
0.085597
0.086030
0.085730
0.088398
0.089507
0.087831
0.090723
0.092416
0.091657
0.092599
0.094767
0.094850
0.094058
0.096579
0.097402
0.095211
0.097883
0.099328
0.098156
0.098717
0.100654
0.100387
0.099125
0.101414
0.101925
0.099308
0.101650
0.102800
0.101259
0.101413
0.103054
0.102449
0.100757
0.102735
0.102917
0.099961
0.101899
0.102711
0.100846
0.100603
0.101886
0.100955
0.098909
0.100503
0.100340
0.097137
0.098623
0.099064
0.096934
0.096312
0.097191
0.095962
0.093637
0.094790
0.094288
0.090945
0.091932
0.091985
0.089662
0.088687
0.089129
0.087643
0.085123
0.085795
0.084968
0.081599
0.082059
0.081720
0.079280
0.077993
0.077981
0.076285
0.073664
0.073831
0.072704
0.069419
0.069347
0.068625
0.066147
0.064600
0.064133
0.062282
0.059658
0.059312
0.057920
0.054826
0.054236
0.053152
0.050717
0.048975
0.048066
0.046118
0.043590
0.042741
0.041128
0.038325
0.037250
0.035839
0.033523
0.031657
0.030335
0.028352
0.026018
0.024693
0.022909
0.020486
0.018978
0.017284
0.015160
0.013249
0.011555
0.009599
0.007550
0.005792
0.003895
0.001926
0.000054
-0.001870
-0.003735
-0.005613
-0.007623
-0.009491
-0.011173
-0.013305
-0.015257
-0.016711
-0.018868
-0.020958
-0.022509
-0.024275
-0.026535
-0.028258
-0.029504
-0.031938
-0.033882
-0.034781
-0.037131
-0.039321
-0.040511
-0.042091
-0.044526
-0.046050
-0.046807
-0.049461
-0.051336
-0.051656
-0.054104
-0.056322
-0.057117
-0.058444
-0.060973
-0.062251
-0.062483
-0.065268
-0.067013
-0.066752
-0.069199
-0.071372
-0.071750
-0.072768
-0.075307
-0.076300
-0.075991
-0.078812
-0.080371
-0.079543
-0.081894
-0.083949
-0.083904
-0.084569
-0.087030
-0.087709
-0.086862
-0.089624
-0.090947
-0.089586
-0.091749
-0.093619
-0.093156
-0.093436
-0.095738
-0.096082
-0.094722
-0.097329
-0.098373
-0.096531
-0.098425
-0.100045
-0.099184
-0.099066
-0.101129
-0.101129
-0.099300
-0.101662
-0.102392
-0.100135
-0.101690
-0.103007
-0.101778
-0.101263
-0.103017
-0.102674
-0.100437
-0.102474
-0.102865
-0.100272
-0.101432
-0.102400
-0.100847
-0.099952
-0.101337
-0.100662
-0.098095
-0.099736
-0.099775
-0.096935
-0.097662
-0.098247
-0.096422
-0.095181
-0.096147
-0.095163
-0.092357
-0.093545
-0.093228
-0.090237
-0.090511
-0.090691
-0.088655
-0.087114
-0.087628
-0.086366
-0.083423
-0.084115
-0.083452
-0.080409
-0.080226
-0.079994
-0.077814
-0.076033
-0.076075
-0.074575
-0.071603
-0.071774
-0.070784
-0.067789
-0.067166
-0.066526
-0.064272
-0.062323
-0.061888
-0.060199
-0.057306
-0.056949
-0.055663
-0.052814
-0.051784
-0.050755
-0.048499
-0.046458
-0.045560
-0.043734
-0.041030
-0.040156
-0.038613
-0.036001
-0.034612
-0.033226
-0.031040
-0.028989
-0.027656
-0.025750
-0.023338
-0.021975
-0.020224
-0.017931
-0.016246
-0.014547
-0.012499
-0.010521
-0.008796
-0.006870
-0.004844
-0.003036
-0.001133
0.000770
0.002678
0.004635
0.006481
0.008305
0.010366
0.012251
0.013812
0.016003
0.017999
0.019456
0.021504
0.023656
0.025246
0.026836
0.029165
0.030954
0.031981
0.034483
0.036510
0.037481
0.039577
0.041857
0.043145
0.044430
0.046951
0.048589
0.049035
0.051763
0.053757
0.054220
0.056274
0.058606
0.059557
0.060479
0.063108
0.064545
0.064384
0.067246
0.069143
0.069091
0.071017
0.073325
0.073914
0.074427
0.077076
0.078270
0.077495
0.080394
0.082137
0.081584
0.083291
0.085502
0.085720
0.085788
0.088370
0.089289
0.087914
0.090753
0.092286
0.091261
0.092676
0.094717
0.094563
0.094172
0.096601
0.097218
0.095283
0.097965
0.099240
0.097783
0.098847
0.100650
0.100134
0.099292
0.101484
0.101781
0.099349
0.101782
0.102756
0.100922
0.101593
0.103097
0.102238
0.100971
0.102852
0.102819
0.099976
0.102075
0.102713
0.100556
0.100825
0.101974
0.100792
0.099162
0.100661
0.100290
0.097148
0.098838
0.099111
0.096701
0.096568
0.097320
0.095853
0.093919
0.094985
0.094287
0.090956
0.092178
0.092076
0.089493
0.088969
0.089295
0.087591
0.085426
0.086020
0.085016
0.081616
0.082327
0.081851
0.079181
0.078290
0.078178
0.076293
0.073977
0.074077
0.072800
0.069453
0.069628
0.068791
0.066121
0.064903
0.064353
0.062348
0.059970
0.059570
0.058059
0.054889
0.054519
0.053347
0.050764
0.049271
0.048301
0.046239
0.043890
0.043003
0.041305
0.038428
0.037527
0.036056
0.033641
0.031938
0.030577
0.028523
0.026295
0.024949
0.023117
0.020642
0.019238
0.017514
0.015344
0.013504
0.011796
0.009814
0.007795
0.006033
0.004126
0.002148
0.000287
-0.001634
-0.003493
-0.005393
-0.007393
-0.009241
-0.010969
-0.013088
-0.015011
-0.016416
-0.018669
-0.020726
-0.022217
-0.024097
-0.026324
-0.027981
-0.029347
-0.031753
-0.033631
-0.034421
-0.036974
-0.039101
-0.040181
-0.041962
-0.044342
-0.045758
-0.046703
-0.049315
-0.051088
-0.051246
-0.053995
-0.056122
-0.056760
-0.058369
-0.060823
-0.061954
-0.062437
-0.065166
-0.066779
-0.066305
-0.069141
-0.071200
-0.071381
-0.072750
-0.075195
-0.076009
-0.076003
-0.078758
-0.080158
-0.079077
-0.081890
-0.083811
-0.083535
-0.084607
-0.086962
-0.087434
-0.086933
-0.089619
-0.090763
-0.089117
-0.091799
-0.093520
-0.092800
-0.093530
-0.095716
-0.095834
-0.094849
-0.097375
-0.098225
-0.096076
-0.098527
-0.099989
-0.098854
-0.099212
-0.101154
-0.100916
-0.099478
-0.101757
-0.102285
-0.099710
-0.101841
-0.102995
-0.101486
-0.101457
-0.103089
-0.102504
-0.100660
-0.102614
-0.102803
-0.099891
-0.101627
-0.102434
-0.100603
-0.100187
-0.101452
-0.100541
-0.098356
-0.099917
-0.099760
-0.096612
-0.097894
-0.098325
-0.096235
-0.095448
-0.096302
-0.095094
-0.092647
-0.093760
-0.093261
-0.089983
-0.090771
-0.090810
-0.088530
-0.087405
-0.087816
-0.086352
-0.083731
-0.084357
-0.083531
-0.080232
-0.080506
-0.080150
-0.077755
-0.076337
-0.076290
-0.074616
-0.071918
-0.072034
-0.070906
-0.067695
-0.067456
-0.066713
-0.064282
-0.062629
-0.062123
-0.060293
-0.057618
-0.057218
-0.055824
-0.052805
-0.052073
-0.050966
-0.048576
-0.046756
-0.045806
-0.043877
-0.041328
-0.040423
-0.038805
-0.036077
-0.034890
-0.033453
-0.031180
-0.029268
-0.027904
-0.025937
-0.023611
-0.022232
-0.020441
-0.018088
-0.016503
-0.014782
-0.012698
-0.010772
-0.009037
-0.007093
-0.005083
-0.003274
-0.001367
0.000538
0.002451
0.004401
0.006233
0.008091
0.010140
0.012000
0.013615
0.015793
0.017757
0.019158
0.021314
0.023431
0.024957
0.026668
0.028964
0.030684
0.031834
0.034309
0.036268
0.037128
0.039432
0.041650
0.042826
0.044313
0.046782
0.048311
0.048942
0.051632
0.053526
0.053826
0.056180
0.058425
0.059220
0.060417
0.062976
0.064270
0.064349
0.067162
0.068932
0.068671
0.070976
0.073176
0.073572
0.074422
0.076987
0.078008
0.077519
0.080361
0.081952
0.081153
0.083306
0.085392
0.085386
0.085841
0.088328
0.089050
0.087996
0.090772
0.092136
0.090835
0.092746
0.094650
0.094249
0.094282
0.096607
0.097011
0.095421
0.098035
0.099130
0.097378
0.098970
0.100629
0.099852
0.099454
0.101539
0.101613
0.099537
0.101902
0.102690
0.100552
0.101764
0.103122
0.101998
0.101179
0.102954
0.102695
0.100208
0.102240
0.102693
0.100234
0.101039
0.102044
0.100601
0.099410
0.100806
0.100215
0.097415
0.099042
0.099137
0.096436
0.096817
0.097431
0.095717
0.094198
0.095167
0.094263
0.091250
0.092414
0.092147
0.089295
0.089243
0.089445
0.087515
0.085726
0.086233
0.085044
0.081927
0.082587
0.081965
0.079056
0.078581
0.078360
0.076278
0.074287
0.074313
0.072877
0.069769
0.069901
0.068942
0.066073
0.065201
0.064562
0.062395
0.060279
0.059821
0.058183
0.055200
0.054798
0.053531
0.050794
0.049565
0.048529
0.046346
0.044188
0.043259
0.041471
0.038723
0.037800
0.036265
0.033747
0.032218
0.030815
0.028685
0.026572
0.025202
0.023319
0.020911
0.019496
0.017741
0.015521
0.013759
0.012035
0.010025
0.008041
0.006274
0.004356
0.002381
0.000521
-0.001398
-0.003251
-0.005171
-0.007161
-0.008989
-0.010763
-0.012869
-0.014762
-0.016227
-0.018468
-0.020490
-0.021920
-0.023917
-0.026108
-0.027698
-0.029188
-0.031563
-0.033371
-0.034266
-0.036813
-0.038873
-0.039839
-0.041830
-0.044150
-0.045454
-0.046597
-0.049161
-0.050829
-0.051112
-0.053879
-0.055911
-0.056387
-0.058289
-0.060662
-0.061641
-0.062387
-0.065054
-0.066528
-0.066183
-0.069076
-0.071013
-0.070990
-0.072725
-0.075071
-0.075697
-0.076012
-0.078692
-0.079926
-0.078958
-0.081877
-0.083656
-0.083140
-0.084638
-0.086880
-0.087136
-0.087000
-0.089602
-0.090557
-0.088993
-0.091839
-0.093402
-0.092415
-0.093617
-0.095678
-0.095560
-0.094972
-0.097407
-0.098054
-0.095944
-0.098619
-0.099913
-0.098494
-0.099352
-0.101162
-0.100676
-0.099652
-0.101837
-0.102155
-0.099570
-0.101981
-0.102963
-0.101163
-0.101644
-0.103142
-0.102305
-0.100880
-0.102740
-0.102718
-0.099746
-0.101811
-0.102448
-0.100328
-0.100415
-0.101550
-0.100392
-0.098613
-0.100084
-0.099723
-0.096468
-0.098116
-0.098383
-0.096017
-0.095710
-0.096440
-0.094999
-0.092933
-0.093962
-0.093273
-0.089851
-0.091022
-0.090911
-0.088377
-0.087691
-0.087990
-0.086314
-0.084036
-0.084587
-0.083591
-0.080124
-0.080779
-0.080289
-0.077672
-0.076637
-0.076493
-0.074637
-0.072231
-0.072284
-0.071012
-0.067626
-0.067740
-0.066887
-0.064270
-0.062932
-0.062348
-0.060370
-0.057929
-0.057480
-0.055971
-0.052789
-0.052357
-0.051167
-0.048636
-0.047052
-0.046045
-0.044007
-0.041625
-0.040687
-0.038989
-0.036139
-0.035166
-0.033674
-0.031310
-0.029547
-0.028148
-0.026116
-0.023885
-0.022487
-0.020654
-0.018238
-0.016760
-0.015014
-0.012891
-0.011023
-0.009277
-0.007314
-0.005323
-0.003512
-0.001601
0.000307
0.002222
0.004165
0.005984
0.007877
0.009913
0.011747
0.013417
0.015581
0.017511
0.018855
0.021121
0.023202
0.024661
0.026497
0.028758
0.030408
0.031684
0.034130
0.036019
0.036764
0.039283
0.041434
0.042495
0.044192
0.046604
0.048022
0.048847
0.051493
0.053283
0.053415
0.056079
0.058232
0.058867
0.060351
0.062834
0.063979
0.064311
0.067069
0.068705
0.068229
0.070927
0.073013
0.073209
0.074413
0.076886
0.077726
0.077540
0.080317
0.081750
0.080696
0.083312
0.085266
0.085028
0.085889
0.088272
0.088788
0.088075
0.090779
0.091966
0.090380
0.092806
0.094565
0.093908
0.094386
0.096599
0.096778
0.095555
0.098093
0.098998
0.096941
0.099083
0.100588
0.099541
0.099610
0.101578
0.101419
0.099723
0.102009
0.102602
0.100149
0.101926
0.103127
0.101728
0.101382
0.103039
0.102546
0.100438
0.102393
0.102650
0.099878
0.101244
0.102094
0.100380
0.099652
0.100934
0.100114
0.097681
0.099234
0.099141
0.096139
0.097057
0.097525
0.095552
0.094472
0.095334
0.094214
0.091543
0.092639
0.092198
0.089067
0.089511
0.089578
0.087412
0.086021
0.086432
0.085049
0.082237
0.082837
0.082060
0.078904
0.078867
0.078528
0.076241
0.074594
0.074538
0.072935
0.070085
0.070167
0.069078
0.066002
0.065494
0.064759
0.062424
0.060587
0.060063
0.058292
0.055511
0.055070
0.053703
0.050805
0.049856
0.048747
0.046438
0.044486
0.043510
0.041626
0.039019
0.038069
0.036466
0.033840
0.032495
0.031047
0.028838
0.026849
0.025451
0.023515
0.021180
0.019753
0.017964
0.015692
0.014014
0.012271
0.010232
0.008287
0.006514
0.004584
0.002614
0.000756
-0.001162
-0.003009
-0.004948
-0.006928
-0.008736
-0.010556
-0.012647
-0.014509
-0.016036
-0.018264
-0.020250
-0.021617
-0.023734
-0.025888
-0.027408
-0.029027
-0.031368
-0.033104
-0.034125
-0.036647
-0.038637
-0.039486
-0.041693
-0.043950
-0.045138
-0.046488
-0.049000
-0.050557
-0.051027
-0.053757
-0.055688
-0.055997
-0.058203
-0.060490
-0.061310
-0.062334
-0.064933
-0.066262
-0.066156
-0.069002
-0.070811
-0.070577
-0.072694
-0.074933
-0.075365
-0.076017
-0.078614
-0.079674
-0.078989
-0.081854
-0.083483
-0.082719
-0.084663
-0.086781
-0.086813
-0.087062
-0.089572
-0.090330
-0.089083
-0.091869
-0.093264
-0.092002
-0.093697
-0.095623
-0.095259
-0.095090
-0.097425
-0.097859
-0.096088
-0.098699
-0.099815
-0.098102
-0.099483
-0.101152
-0.100407
-0.099821
-0.101903
-0.101999
-0.099764
-0.102111
-0.102909
-0.100807
-0.101823
-0.103178
-0.102078
-0.101095
-0.102851
-0.102607
-0.099983
-0.101985
-0.102439
-0.100020
-0.100636
-0.101629
-0.100214
-0.098867
-0.100237
-0.099660
-0.096740
-0.098327
-0.098421
-0.095768
-0.095964
-0.096561
-0.094878
-0.093216
-0.094152
-0.093261
-0.090148
-0.091264
-0.090993
-0.088195
-0.087970
-0.088149
-0.086252
-0.084338
-0.084806
-0.083630
-0.080436
-0.081043
-0.080412
-0.077563
-0.076931
-0.076683
-0.074636
-0.072543
-0.072525
-0.071100
-0.067942
-0.068016
-0.067046
-0.064238
-0.063231
-0.062563
-0.060429
-0.058239
-0.057733
-0.056104
-0.053099
-0.052637
-0.051357
-0.048680
-0.047345
-0.046276
-0.044125
-0.041922
-0.040944
-0.039163
-0.036422
-0.035438
-0.033888
-0.031428
-0.029824
-0.028387
-0.026287
-0.024159
-0.022740
-0.020861
-0.018489
-0.017016
-0.015244
-0.013078
-0.011275
-0.009516
-0.007532
-0.005564
-0.003750
-0.001834
0.000079
0.001992
0.003929
0.005734
0.007660
0.009684
0.011491
0.013217
0.015366
0.017261
0.018636
0.020925
0.022967
0.024359
0.026323
0.028546
0.030123
0.031533
0.033946
0.035762
0.036541
0.039129
0.041211
0.042152
0.044067
0.046418
0.047720
0.048749
0.051347
0.053028
0.053172
0.055972
0.058028
0.058496
0.060279
0.062682
0.063670
0.064270
0.066966
0.068462
0.067955
0.070871
0.072836
0.072824
0.074397
0.076772
0.077423
0.077557
0.080262
0.081528
0.080375
0.083309
0.085122
0.084644
0.085930
0.088201
0.088502
0.088151
0.090773
0.091774
0.090005
0.092857
0.094460
0.093539
0.094483
0.096574
0.096520
0.095686
0.098138
0.098843
0.096513
0.099186
0.100527
0.099200
0.099759
0.101601
0.101197
0.099905
0.102103
0.102489
0.099712
0.102078
0.103112
0.101427
0.101579
0.103108
0.102369
0.100665
0.102532
0.102584
0.099488
0.101439
0.102124
0.100128
0.099889
0.101047
0.099987
0.097945
0.099413
0.099123
0.095809
0.097289
0.097599
0.095358
0.094740
0.095486
0.094140
0.091834
0.092852
0.092227
0.088808
0.089771
0.089694
0.087283
0.086312
0.086618
0.085031
0.082545
0.083076
0.082136
0.078725
0.079145
0.078681
0.076180
0.074897
0.074751
0.072974
0.070400
0.070425
0.069199
0.065907
0.065781
0.064944
0.062432
0.060891
0.060295
0.058385
0.055821
0.055336
0.053862
0.050799
0.050142
0.048956
0.046516
0.044781
0.043753
0.041770
0.039314
0.038334
0.036658
0.033920
0.032770
0.031273
0.028981
0.027125
0.025697
0.023703
0.021450
0.020007
0.018182
0.015856
0.014268
0.012506
0.010435
0.008534
0.006753
0.004810
0.002849
0.000991
-0.000926
-0.002768
-0.004724
-0.006694
-0.008481
-0.010347
-0.012424
-0.014254
-0.015844
-0.018057
-0.020005
-0.021308
-0.023548
-0.025662
-0.027111
-0.028864
-0.031168
-0.032829
-0.033983
-0.036475
-0.038393
-0.039121
-0.041552
-0.043742
-0.044809
-0.046376
-0.048831
-0.050273
-0.050940
-0.053627
-0.055453
-0.055590
-0.058112
-0.060306
-0.060963
-0.062277
-0.064800
-0.065978
-0.066127
-0.068919
-0.070594
-0.070142
-0.072656
-0.074781
-0.075011
-0.076017
-0.078524
-0.079403
-0.079019
-0.081821
-0.083292
-0.082272
-0.084679
-0.086666
-0.086466
-0.087120
-0.089527
-0.090080
-0.089170
-0.091887
-0.093106
-0.091559
-0.093768
-0.095549
-0.094930
-0.095202
-0.097428
-0.097639
-0.096231
-0.098768
-0.099695
-0.097679
-0.099606
-0.101123
-0.100109
-0.099986
-0.101953
-0.101817
-0.099956
-0.102227
-0.102833
-0.100419
-0.101994
-0.103194
-0.101822
-0.101305
-0.102947
-0.102470
-0.100219
-0.102146
-0.102408
-0.099680
-0.100848
-0.101690
-0.100008
-0.099116
-0.100375
-0.099573
-0.097011
-0.098527
-0.098436
-0.095488
-0.096211
-0.096665
-0.094728
-0.093494
-0.094327
-0.093226
-0.090444
-0.091496
-0.091054
-0.087984
-0.088242
-0.088291
-0.086164
-0.084637
-0.085013
-0.083647
-0.080748
-0.081297
-0.080518
-0.077428
-0.077220
-0.076859
-0.074612
-0.072851
-0.072755
-0.071169
-0.068258
-0.068286
-0.067191
-0.064183
-0.063526
-0.062766
-0.060471
-0.058546
-0.057979
-0.056223
-0.053409
-0.052911
-0.051536
-0.048707
-0.047635
-0.046499
-0.044229
-0.042218
-0.041197
-0.039326
-0.036714
-0.035707
-0.034094
-0.031535
-0.030099
-0.028621
-0.026449
-0.024432
-0.022990
-0.021063
-0.018754
-0.017271
-0.015469
-0.013260
-0.011526
-0.009753
-0.007746
-0.005806
-0.003988
-0.002066
-0.000150
0.001761
0.003692
0.005484
0.007442
0.009452
0.011233
0.013016
0.015148
0.017007
0.018453
0.020727
0.022728
0.024051
0.026146
0.028329
0.029831
0.031379
0.033757
0.035496
0.036408
0.038969
0.040978
0.041797
0.043938
0.046224
0.047405
0.048648
0.051193
0.052761
0.053095
0.055858
0.057811
0.058108
0.060203
0.062517
0.063345
0.064226
0.066854
0.068202
0.067936
0.070807
0.072643
0.072416
0.074376
0.076644
0.077098
0.077572
0.080195
0.081286
0.080416
0.083298
0.084960
0.084233
0.085966
0.088115
0.088191
0.088223
0.090755
0.091559
0.090103
0.092899
0.094336
0.093139
0.094573
0.096532
0.096234
0.095814
0.098170
0.098663
0.096666
0.099280
0.100445
0.098826
0.099902
0.101606
0.100947
0.100084
0.102183
0.102352
0.099878
0.102220
0.103075
0.101092
0.101769
0.103160
0.102163
0.100888
0.102657
0.102493
0.099634
0.101623
0.102133
0.099845
0.100119
0.101142
0.099831
0.098205
0.099579
0.099080
0.095946
0.097510
0.097654
0.095134
0.095002
0.095621
0.094041
0.092122
0.093053
0.092234
0.088936
0.090021
0.089791
0.087126
0.086597
0.086789
0.084990
0.082851
0.083305
0.082193
0.078848
0.079416
0.078818
0.076094
0.075195
0.074951
0.072992
0.070713
0.070673
0.069302
0.066033
0.066062
0.065115
0.062421
0.061193
0.060518
0.058462
0.056131
0.055595
0.054008
0.050936
0.050424
0.049155
0.046578
0.045075
0.043990
0.041901
0.039609
0.038595
0.036842
0.034079
0.033043
0.031492
0.029114
0.027400
0.025939
0.023884
0.021720
0.020260
0.018396
0.016048
0.014522
0.012738
0.010633
0.008781
0.006991
0.005035
0.003085
0.001226
-0.000690
-0.002533
-0.004499
-0.006458
-0.008225
-0.010136
-0.012197
-0.013995
-0.015651
-0.017847
-0.019756
-0.021020
-0.023359
-0.025431
-0.026807
-0.028697
-0.030962
-0.032546
-0.033839
-0.036299
-0.038139
-0.038774
-0.041405
-0.043524
-0.044469
-0.046260
-0.048653
-0.049975
-0.050850
-0.053490
-0.055205
-0.055178
-0.058014
-0.060110
-0.060598
-0.062215
-0.064657
-0.065678
-0.066095
-0.068826
-0.070361
-0.069684
-0.072610
-0.074614
-0.074635
-0.076011
-0.078421
-0.079110
-0.079045
-0.081777
-0.083081
-0.081798
-0.084687
-0.086534
-0.086094
-0.087171
-0.089468
-0.089806
-0.089255
-0.091892
-0.092926
-0.091086
-0.093829
-0.095457
-0.094574
-0.095309
-0.097414
-0.097393
-0.096370
-0.098824
-0.099553
-0.097223
-0.099719
-0.101074
-0.099782
-0.100143
-0.101987
-0.101609
-0.100146
-0.102331
-0.102732
-0.099996
-0.102154
-0.103190
-0.101535
-0.101509
-0.103026
-0.102306
-0.100452
-0.102294
-0.102354
-0.099306
-0.101051
-0.101731
-0.099771
-0.099358
-0.100497
-0.099459
-0.097279
-0.098714
-0.098430
-0.095174
-0.096448
-0.096749
-0.094549
-0.093768
-0.094487
-0.093165
-0.090739
-0.091716
-0.091095
-0.087742
-0.088507
-0.088416
-0.086050
-0.084931
-0.085206
-0.083643
-0.081058
-0.081542
-0.080605
-0.077266
-0.077502
-0.077020
-0.074566
-0.073156
-0.072974
-0.071220
-0.068573
-0.068547
-0.067320
-0.064106
-0.063815
-0.062957
-0.060493
-0.058851
-0.058216
-0.056327
-0.053718
-0.053179
-0.051703
-0.048716
-0.047922
-0.046712
-0.044319
-0.042512
-0.041443
-0.039479
-0.037007
-0.035973
-0.034292
-0.031629
-0.030373
-0.028850
-0.026603
-0.024705
-0.023236
-0.021258
-0.019019
-0.017524
-0.015691
-0.013436
-0.011777
-0.009989
-0.007957
-0.006048
-0.004226
-0.002297
-0.000379
0.001529
0.003455
0.005234
0.007223
0.009219
0.010972
0.012813
0.014928
0.016750
0.018267
0.020525
0.022484
0.023736
0.025967
0.028107
0.029532
0.031222
0.033562
0.035222
0.036273
0.038805
0.040737
0.041430
0.043805
0.046021
0.047078
0.048544
0.051031
0.052480
0.053016
0.055736
0.057582
0.057702
0.060120
0.062341
0.063002
0.064177
0.066730
0.067926
0.067915
0.070733
0.072434
0.071987
0.074348
0.076502
0.076753
0.077581
0.080115
0.081024
0.080454
0.083275
0.084780
0.083796
0.085993
0.088012
0.087856
0.088290
0.090723
0.091322
0.090199
0.092928
0.094192
0.092712
0.094655
0.096473
0.095921
0.095936
0.098186
0.098460
0.096816
0.099360
0.100341
0.098422
0.100036
0.101592
0.100668
0.100257
0.102247
0.102189
0.100077
0.102349
0.103016
0.100727
0.101950
0.103192
0.101929
0.101106
0.102767
0.102376
0.099876
0.101796
0.102121
0.099530
0.100340
0.101219
0.099648
0.098461
0.099730
0.099013
0.096221
0.097721
0.097687
0.094880
0.095257
0.095739
0.093914
0.092406
0.093240
0.092218
0.089235
0.090261
0.089870
0.086940
0.086876
0.086944
0.084924
0.083153
0.083521
0.082228
0.079161
0.079678
0.078938
0.075983
0.075488
0.075138
0.072989
0.071024
0.070911
0.069388
0.066349
0.066337
0.065272
0.062388
0.061490
0.060730
0.058521
0.056438
0.055847
0.054141
0.051244
0.050701
0.049344
0.046624
0.045365
0.044219
0.042020
0.039903
0.038850
0.037015
0.034369
0.033313
0.031705
0.029237
0.027674
0.026177
0.024058
0.021990
0.020510
0.018604
0.016309
0.014774
0.012967
0.010827
0.009029
0.007229
0.005256
0.003322
0.001462
-0.000455
-0.002310
-0.004272
-0.006221
-0.007967
-0.009924
-0.011968
-0.013734
-0.015456
-0.017634
-0.019502
-0.020843
-0.023166
-0.025195
-0.026495
-0.028528
-0.030750
-0.032255
-0.033693
-0.036116
-0.037877
-0.038648
-0.041254
-0.043298
-0.044115
-0.046139
-0.048466
-0.049665
-0.050758
-0.053345
-0.054944
-0.055109
-0.057909
-0.059902
-0.060215
-0.062147
-0.064503
-0.065361
-0.066059
-0.068724
-0.070111
-0.069656
-0.072556
-0.074432
-0.074237
-0.075999
-0.078304
-0.078797
-0.079068
-0.081721
-0.082851
-0.081786
-0.084686
-0.086384
-0.085695
-0.087215
-0.089393
-0.089508
-0.089335
-0.091885
-0.092724
-0.091080
-0.093880
-0.095345
-0.094188
-0.095408
-0.097384
-0.097121
-0.096505
-0.098865
-0.099387
-0.097217
-0.099821
-0.101004
-0.099423
-0.100294
-0.102003
-0.101373
-0.100331
-0.102421
-0.102608
-0.099985
-0.102304
-0.103165
-0.101216
-0.101706
-0.103087
-0.102114
-0.100681
-0.102428
-0.102275
-0.099290
-0.101243
-0.101752
-0.099503
-0.099594
-0.100602
-0.099317
-0.097544
-0.098888
-0.098399
-0.095156
-0.096677
-0.096814
-0.094341
-0.094035
-0.094632
-0.093079
-0.091030
-0.091924
-0.091114
-0.087729
-0.088762
-0.088524
-0.085909
-0.085220
-0.085385
-0.083615
-0.081366
-0.081777
-0.080672
-0.077266
-0.077776
-0.077166
-0.074496
-0.073457
-0.073181
-0.071251
-0.068887
-0.068799
-0.067434
-0.064130
-0.064099
-0.063135
-0.060496
-0.059152
-0.058443
-0.056415
-0.054026
-0.053441
-0.051857
-0.048778
-0.048204
-0.046917
-0.044395
-0.042804
-0.041682
-0.039620
-0.037299
-0.036234
-0.034482
-0.031742
-0.030644
-0.029073
-0.026747
-0.024977
-0.023479
-0.021447
-0.019286
-0.017775
-0.015909
-0.013612
-0.012027
-0.010222
-0.008164
-0.006291
-0.004464
-0.002526
-0.000610
0.001297
0.003217
0.004983
0.007002
0.008984
0.010710
0.012608
0.014704
0.016488
0.018080
0.020319
0.022235
0.023415
0.025784
0.027879
0.029224
0.031063
0.033361
0.034939
0.036137
0.038634
0.040487
0.041050
0.043666
0.045809
0.046737
0.048435
0.050860
0.052186
0.052934
0.055607
0.057340
0.057278
0.060031
0.062153
0.062641
0.064124
0.066596
0.067632
0.067892
0.070650
0.072209
0.071535
0.074311
0.076344
0.076385
0.077585
0.080023
0.080742
0.080489
0.083242
0.084581
0.083332
0.086011
0.087892
0.087495
0.088351
0.090675
0.091062
0.090292
0.092946
0.094026
0.092253
0.094727
0.096394
0.095581
0.096053
0.098186
0.098231
0.096963
0.099428
0.100215
0.097986
0.100160
0.101558
0.100360
0.100424
0.102294
0.102000
0.100274
0.102466
0.102934
0.100328
0.102121
0.103205
0.101664
0.101319
0.102860
0.102233
0.100115
0.101957
0.102085
0.099181
0.100553
0.101276
0.099434
0.098711
0.099866
0.098919
0.096494
0.097919
0.097699
0.094593
0.095503
0.095840
0.093759
0.092686
0.093413
0.092179
0.089533
0.090491
0.089928
0.086724
0.087147
0.087084
0.084832
0.083452
0.083725
0.082243
0.079474
0.079931
0.079041
0.075846
0.075775
0.075311
0.072963
0.071331
0.071139
0.069456
0.066665
0.066604
0.065415
0.062334
0.061782
0.060931
0.058562
0.056744
0.056090
0.054259
0.051552
0.050972
0.049521
0.046654
0.045652
0.044440
0.042126
0.040195
0.039100
0.037179
0.034658
0.033579
0.031911
0.029348
0.027946
0.026410
0.024224
0.022260
0.020758
0.018808
0.016570
0.015026
0.013193
0.011016
0.009276
0.007465
0.005476
0.003559
0.001698
-0.000220
-0.002086
-0.004044
-0.005983
-0.007709
-0.009710
-0.011737
-0.013470
-0.015260
-0.017417
-0.019244
-0.020664
-0.022970
-0.024954
-0.026177
-0.028355
-0.030533
-0.031956
-0.033544
-0.035928
-0.037606
-0.038521
-0.041097
-0.043062
-0.043749
-0.046014
-0.048271
-0.049342
-0.050662
-0.053191
-0.054670
-0.055038
-0.057797
-0.059681
-0.059814
-0.062074
-0.064336
-0.065025
-0.066020
-0.068611
-0.069843
-0.069644
-0.072492
-0.074233
-0.073817
-0.075981
-0.078173
-0.078461
-0.079087
-0.081652
-0.082601
-0.081833
-0.084674
-0.086216
-0.085269
-0.087252
-0.089301
-0.089184
-0.089411
-0.091864
-0.092499
-0.091184
-0.093920
-0.095213
-0.093773
-0.095499
-0.097337
-0.096822
-0.096636
-0.098892
-0.099196
-0.097374
-0.099912
-0.100913
-0.099033
-0.100436
-0.102000
-0.101108
-0.100512
-0.102495
-0.102458
-0.100191
-0.102443
-0.103118
-0.100865
-0.101894
-0.103130
-0.101893
-0.100906
-0.102547
-0.102171
-0.099537
-0.101425
-0.101751
-0.099203
-0.099823
-0.100689
-0.099148
-0.097805
-0.099048
-0.098345
-0.095436
-0.096894
-0.096859
-0.094103
-0.094295
-0.094760
-0.092967
-0.091318
-0.092119
-0.091111
-0.088031
-0.089009
-0.088612
-0.085739
-0.085503
-0.085549
-0.083563
-0.081671
-0.082000
-0.080720
-0.077580
-0.078042
-0.077295
-0.074401
-0.073752
-0.073375
-0.071261
-0.069198
-0.069042
-0.067530
-0.064446
-0.064376
-0.063300
-0.060479
-0.059450
-0.058660
-0.056486
-0.054333
-0.053695
-0.051999
-0.049085
-0.048482
-0.047112
-0.044454
-0.043093
-0.041915
-0.039749
-0.037591
-0.036490
-0.034663
-0.032028
-0.030913
-0.029290
-0.026881
-0.025248
-0.023718
-0.021629
-0.019552
-0.018024
-0.016123
-0.013868
-0.012277
-0.010453
-0.008368
-0.006534
-0.004701
-0.002754
-0.000841
0.001063
0.002979
0.004766
0.006780
0.008747
0.010445
0.012401
0.014478
0.016224
0.017892
0.020111
0.021982
0.023228
0.025597
0.027646
0.028909
0.030901
0.033154
0.034647
0.035998
0.038458
0.040227
0.040877
0.043522
0.045588
0.046383
0.048323
0.050680
0.051879
0.052850
0.055470
0.057084
0.057104
0.059935
0.061952
0.062262
0.064066
0.066450
0.067320
0.067865
0.070557
0.071967
0.071346
0.074267
0.076171
0.075995
0.077583
0.079916
0.080438
0.080521
0.083196
0.084362
0.083107
0.086020
0.087754
0.087108
0.088405
0.090613
0.090777
0.090381
0.092951
0.093838
0.091985
0.094790
0.096297
0.095212
0.096162
0.098169
0.097975
0.097107
0.099483
0.100066
0.097672
0.100274
0.101505
0.100022
0.100585
0.102325
0.101783
0.100467
0.102568
0.102828
0.099975
0.102283
0.103197
0.101368
0.101525
0.102937
0.102062
0.100351
0.102104
0.102026
0.098822
0.100756
0.101314
0.099190
0.098955
0.099985
0.098800
0.096765
0.098105
0.097688
0.094273
0.095741
0.095921
0.093575
0.092959
0.093571
0.092114
0.089829
0.090710
0.089965
0.086478
0.087411
0.087206
0.084714
0.083746
0.083916
0.082235
0.079784
0.080174
0.079125
0.075682
0.076056
0.075470
0.072915
0.071635
0.071355
0.069504
0.066980
0.066862
0.065542
0.062257
0.062069
0.061120
0.058585
0.057046
0.056324
0.054362
0.051859
0.051238
0.049687
0.046666
0.045936
0.044652
0.042218
0.040487
0.039344
0.037333
0.034948
0.033842
0.032109
0.029448
0.028216
0.026638
0.024381
0.022529
0.021002
0.019005
0.016832
0.015276
0.013416
0.011199
0.009523
0.007700
0.005692
0.003797
0.001935
0.000014
-0.001861
-0.003815
-0.005744
-0.007450
-0.009495
-0.011504
-0.013203
-0.015061
-0.017198
-0.018982
-0.020484
-0.022771
-0.024707
-0.025852
-0.028179
-0.030310
-0.031648
-0.033393
-0.035733
-0.037326
-0.038392
-0.040935
-0.042817
-0.043369
-0.045884
-0.048066
-0.049005
-0.050562
-0.053029
-0.054382
-0.054965
-0.057678
-0.059447
-0.059395
-0.061995
-0.064157
-0.064671
-0.065976
-0.068487
-0.069558
-0.069629
-0.072420
-0.074019
-0.073372
-0.075955
-0.078027
-0.078103
-0.079100
-0.081571
-0.082329
-0.081876
-0.084651
-0.086028
-0.084816
-0.087281
-0.089193
-0.088836
-0.089482
-0.091828
-0.092251
-0.091285
-0.093949
-0.095060
-0.093328
-0.095581
-0.097270
-0.096494
-0.096761
-0.098904
-0.098980
-0.097529
-0.099991
-0.100799
-0.098611
-0.100570
-0.101978
-0.100814
-0.100687
-0.102553
-0.102281
-0.100394
-0.102568
-0.103048
-0.100480
-0.102074
-0.103154
-0.101642
-0.101125
-0.102651
-0.102041
-0.099781
-0.101594
-0.101727
-0.098870
-0.100043
-0.100757
-0.098949
-0.098061
-0.099193
-0.098265
-0.095713
-0.097100
-0.096882
-0.093832
-0.094547
-0.094870
-0.092827
-0.091602
-0.092299
-0.091084
-0.088332
-0.089245
-0.088681
-0.085541
-0.085779
-0.085697
-0.083486
-0.081973
-0.082210
-0.080746
-0.077894
-0.078300
-0.077408
-0.074281
-0.074042
-0.073556
-0.071250
-0.069507
-0.069275
-0.067609
-0.064762
-0.064646
-0.063451
-0.060441
-0.059744
-0.058867
-0.056540
-0.054638
-0.053942
-0.052126
-0.049391
-0.048755
-0.047296
-0.044499
-0.043380
-0.042140
-0.039866
-0.037882
-0.036742
-0.034835
-0.032315
-0.031179
-0.029501
-0.027005
-0.025518
-0.023953
-0.021804
-0.019818
-0.018272
-0.016332
-0.014125
-0.012526
-0.010682
-0.008567
-0.006777
-0.004937
-0.002980
-0.001073
0.000829
0.002740
0.004548
0.006556
0.008508
0.010179
0.012193
0.014249
0.015955
0.017702
0.019899
0.021723
0.023056
0.025407
0.027406
0.028586
0.030735
0.032941
0.034347
0.035856
0.038276
0.039958
0.040758
0.043373
0.045357
0.046016
0.048206
0.050491
0.051558
0.052762
0.055324
0.056815
0.057041
0.059831
0.061738
0.061864
0.064001
0.066292
0.066990
0.067834
0.070453
0.071707
0.071342
0.074214
0.075983
0.075581
0.077574
0.079795
0.080112
0.080549
0.083139
0.084123
0.083162
0.086019
0.087597
0.086694
0.088453
0.090534
0.090467
0.090466
0.092942
0.093627
0.092096
0.094841
0.096179
0.094813
0.096264
0.098136
0.097693
0.097247
0.099523
0.099892
0.097837
0.100376
0.101430
0.099652
0.100738
0.102338
0.101538
0.100656
0.102657
0.102697
0.100186
0.102433
0.103168
0.101041
0.101723
0.102996
0.101863
0.100583
0.102237
0.101942
0.099074
0.100948
0.101330
0.098915
0.099192
0.100087
0.098652
0.097032
0.098278
0.097653
0.094533
0.095968
0.095982
0.093361
0.093227
0.093712
0.092023
0.090122
0.090916
0.089980
0.086719
0.087665
0.087310
0.084569
0.084034
0.084092
0.082204
0.080092
0.080406
0.079189
0.075905
0.076328
0.075613
0.072843
0.071934
0.071560
0.069533
0.067292
0.067112
0.065653
0.062466
0.062350
0.061296
0.058588
0.057346
0.056549
0.054450
0.052166
0.051497
0.049841
0.046868
0.046216
0.044855
0.042295
0.040776
0.039581
0.037475
0.035238
0.034100
0.032299
0.029652
0.028485
0.026860
0.024530
0.022798
0.021243
0.019197
0.017094
0.015525
0.013636
0.011415
0.009771
0.007934
0.005905
0.004036
0.002171
0.000248
-0.001636
-0.003585
-0.005504
-0.007212
-0.009277
-0.011268
-0.012933
-0.014861
-0.016975
-0.018716
-0.020303
-0.022568
-0.024455
-0.025582
-0.028000
-0.030080
-0.031332
-0.033238
-0.035533
-0.037037
-0.038261
-0.040766
-0.042563
-0.043061
-0.045748
-0.047851
-0.048654
-0.050459
-0.052858
-0.054080
-0.054889
-0.057550
-0.059199
-0.059043
-0.061908
-0.063966
-0.064298
-0.065927
-0.068351
-0.069255
-0.069611
-0.072337
-0.073787
-0.072975
-0.075921
-0.077865
-0.077723
-0.079108
-0.081475
-0.082036
-0.081917
-0.084617
-0.085821
-0.084376
-0.087300
-0.089067
-0.088460
-0.089546
-0.091777
-0.091978
-0.091383
-0.093965
-0.094884
-0.092851
-0.095654
-0.097185
-0.096138
-0.096879
-0.098899
-0.098737
-0.097681
-0.100056
-0.100662
-0.098155
-0.100693
-0.101936
-0.100489
-0.100856
-0.102595
-0.102078
-0.100594
-0.102681
-0.102954
-0.100062
-0.102244
-0.103157
-0.101360
-0.101338
-0.102737
-0.101883
-0.100023
-0.101749
-0.101680
-0.098503
-0.100253
-0.100805
-0.098720
-0.098311
-0.099321
-0.098159
-0.095988
-0.097294
-0.096883
-0.093530
-0.094791
-0.094961
-0.092658
-0.091880
-0.092466
-0.091033
-0.088631
-0.089470
-0.088730
-0.085313
-0.086047
-0.085828
-0.083384
-0.082269
-0.082408
-0.080751
-0.078206
-0.078548
-0.077502
-0.074134
-0.074325
-0.073722
-0.071216
-0.069812
-0.069497
-0.067670
-0.065076
-0.064908
-0.063588
-0.060381
-0.060032
-0.059062
-0.056576
-0.054941
-0.054180
-0.052240
-0.049697
-0.049022
-0.047469
-0.044526
-0.043664
-0.042357
-0.039970
-0.038171
-0.036988
-0.034997
-0.032601
-0.031441
-0.029704
-0.027119
-0.025787
-0.024184
-0.021971
-0.020084
-0.018516
-0.016536
-0.014382
-0.012775
-0.010908
-0.008761
-0.007021
-0.005173
-0.003204
-0.001307
0.000595
0.002502
0.004329
0.006331
0.008268
0.009911
0.011983
0.014017
0.015683
0.017509
0.019683
0.021459
0.022883
0.025213
0.027161
0.028256
0.030565
0.032721
0.034037
0.035712
0.038087
0.039680
0.040637
0.043217
0.045116
0.045635
0.048083
0.050292
0.051222
0.052671
0.055169
0.056531
0.056976
0.059720
0.061510
0.061447
0.063931
0.066121
0.066642
0.067799
0.070338
0.071430
0.071335
0.074151
0.075777
0.075143
0.077558
0.079659
0.079763
0.080571
0.083068
0.083862
0.083214
0.086007
0.087422
0.086253
0.088492
0.090438
0.090131
0.090546
0.092918
0.093393
0.092205
0.094882
0.096040
0.094383
0.096357
0.098084
0.097383
0.097381
0.099548
0.099693
0.097999
0.100467
0.101333
0.099250
0.100882
0.102332
0.101264
0.100840
0.102730
0.102541
0.100397
0.102572
0.103116
0.100681
0.101913
0.103036
0.101634
0.100811
0.102354
0.101832
0.099324
0.101129
0.101324
0.098607
0.099421
0.100171
0.098477
0.097295
0.098436
0.097593
0.094815
0.096185
0.096023
0.093116
0.093487
0.093837
0.091906
0.090411
0.091108
0.089973
0.087023
0.087910
0.087395
0.084396
0.084316
0.084253
0.082149
0.080397
0.080626
0.079234
0.076220
0.076593
0.075739
0.072747
0.072228
0.071751
0.069542
0.067603
0.067353
0.065748
0.062781
0.062625
0.061459
0.058571
0.057641
0.056764
0.054521
0.052471
0.051749
0.049982
0.047173
0.046491
0.045049
0.042358
0.041063
0.039812
0.037606
0.035526
0.034354
0.032481
0.029935
0.028750
0.027077
0.024669
0.023066
0.021481
0.019382
0.017357
0.015772
0.013851
0.011667
0.010017
0.008165
0.006115
0.004275
0.002407
0.000480
-0.001409
-0.003354
-0.005262
-0.006999
-0.009058
-0.011030
-0.012660
-0.014659
-0.016750
-0.018445
-0.020119
-0.022361
-0.024197
-0.025418
-0.027816
-0.029845
-0.031007
-0.033080
-0.035325
-0.036738
-0.038128
-0.040591
-0.042298
-0.042949
-0.045607
-0.047627
-0.048289
-0.050350
-0.052677
-0.053764
-0.054810
-0.057413
-0.058937
-0.058988
-0.061815
-0.063760
-0.063906
-0.065872
-0.068203
-0.068934
-0.069589
-0.072244
-0.073537
-0.072979
-0.075878
-0.077687
-0.077318
-0.079109
-0.081366
-0.081721
-0.081954
-0.084571
-0.085593
-0.084438
-0.087310
-0.088923
-0.088058
-0.089603
-0.091710
-0.091681
-0.091477
-0.093967
-0.094686
-0.092969
-0.095716
-0.097079
-0.095752
-0.096990
-0.098877
-0.098468
-0.097829
-0.100107
-0.100501
-0.098278
-0.100806
-0.101873
-0.100133
-0.101017
-0.102619
-0.101846
-0.100791
-0.102779
-0.102835
-0.100182
-0.102403
-0.103139
-0.101047
-0.101544
-0.102806
-0.101697
-0.100262
-0.101891
-0.101608
-0.098616
-0.100453
-0.100833
-0.098460
-0.098555
-0.099433
-0.098025
-0.096260
-0.097474
-0.096860
-0.093635
-0.095025
-0.095033
-0.092460
-0.092153
-0.092616
-0.090956
-0.088927
-0.089682
-0.088757
-0.085413
-0.086307
-0.085942
-0.083255
-0.082561
-0.082592
-0.080734
-0.078516
-0.078786
-0.077578
-0.074236
-0.074601
-0.073873
-0.071160
-0.070113
-0.069707
-0.067711
-0.065389
-0.065162
-0.063709
-0.060492
-0.060315
-0.059245
-0.056594
-0.055240
-0.054409
-0.052339
-0.050002
-0.049283
-0.047631
-0.044657
-0.043943
-0.042565
-0.040060
-0.038458
-0.037228
-0.035148
-0.032888
-0.031700
-0.029901
-0.027281
-0.026053
-0.024409
-0.022131
-0.020349
-0.018758
-0.016735
-0.014640
-0.013022
-0.011132
-0.008966
-0.007265
-0.005407
-0.003426
-0.001541
0.000360
0.002263
0.004109
0.006104
0.008026
0.009653
0.011770
0.013782
0.015408
0.017315
0.019464
0.021191
0.022708
0.025015
0.026909
0.027930
0.030392
0.032495
0.033719
0.035564
0.037892
0.039391
0.040513
0.043055
0.044864
0.045240
0.047956
0.050083
0.050872
0.052575
0.055005
0.056234
0.056908
0.059601
0.061269
0.061010
0.063853
0.065937
0.066274
0.067759
0.070212
0.071134
0.071326
0.074078
0.075554
0.074681
0.077534
0.079508
0.079391
0.080589
0.082984
0.083580
0.083264
0.085984
0.087226
0.085783
0.088522
0.090324
0.089769
0.090620
0.092880
0.093135
0.092312
0.094910
0.095879
0.093923
0.096441
0.098013
0.097043
0.097509
0.099558
0.099468
0.098159
0.100545
0.101213
0.098815
0.101017
0.102306
0.100960
0.101019
0.102786
0.102357
0.100604
0.102697
0.103041
0.100286
0.102094
0.103056
0.101376
0.101033
0.102456
0.101695
0.099572
0.101297
0.101296
0.098266
0.099641
0.100236
0.098271
0.097552
0.098578
0.097508
0.095095
0.096389
0.096042
0.092840
0.093739
0.093944
0.091761
0.090695
0.091287
0.089942
0.087325
0.088144
0.087461
0.084194
0.084591
0.084398
0.082069
0.080698
0.080834
0.079258
0.076534
0.076848
0.075849
0.072625
0.072516
0.071929
0.069529
0.067910
0.067583
0.065825
0.063096
0.062892
0.061608
0.058533
0.057933
0.056969
0.054575
0.052773
0.051993
0.050109
0.047477
0.046761
0.045232
0.042405
0.041346
0.040035
0.037725
0.035814
0.034603
0.032654
0.030219
0.029013
0.027287
0.024798
0.023333
0.021715
0.019561
0.017619
0.016017
0.014062
0.011920
0.010264
0.008395
0.006321
0.004515
0.002643
0.000712
-0.001181
-0.003122
-0.005021
-0.006786
-0.008837
-0.010790
-0.012385
-0.014454
-0.016521
-0.018170
-0.019934
-0.022151
-0.023934
-0.025251
-0.027629
-0.029603
-0.030673
-0.032918
-0.035111
-0.036429
-0.037991
-0.040410
-0.042023
-0.042836
-0.045460
-0.047392
-0.047909
-0.050237
-0.052486
-0.053433
-0.054727
-0.057267
-0.058660
-0.058932
-0.061713
-0.063542
-0.063495
-0.065812
-0.068042
-0.068593
-0.069564
-0.072140
-0.073270
-0.072981
-0.075826
-0.077492
-0.076890
-0.079103
-0.081241
-0.081382
-0.081986
-0.084512
-0.085344
-0.084499
-0.087310
-0.088759
-0.087628
-0.089652
-0.091626
-0.091357
-0.091566
-0.093955
-0.094464
-0.093087
-0.095767
-0.096952
-0.095336
-0.097093
-0.098837
-0.098171
-0.097972
-0.100143
-0.100315
-0.098448
-0.100906
-0.101789
-0.099745
-0.101170
-0.102624
-0.101586
-0.100983
-0.102862
-0.102691
-0.100398
-0.102550
-0.103099
-0.100701
-0.101742
-0.102857
-0.101483
-0.100495
-0.102018
-0.101511
-0.098871
-0.100642
-0.100839
-0.098168
-0.098790
-0.099527
-0.097864
-0.096528
-0.097641
-0.096814
-0.093921
-0.095248
-0.095085
-0.092232
-0.092418
-0.092750
-0.090853
-0.089219
-0.089882
-0.088762
-0.085719
-0.086557
-0.086038
-0.083098
-0.082847
-0.082761
-0.080693
-0.078823
-0.079012
-0.077634
-0.074552
-0.074870
-0.074009
-0.071080
-0.070409
-0.069905
-0.067733
-0.065700
-0.065406
-0.063814
-0.060806
-0.060592
-0.059416
-0.056592
-0.055536
-0.054629
-0.052422
-0.050306
-0.049537
-0.047781
-0.044960
-0.044219
-0.042764
-0.040137
-0.038744
-0.037461
-0.035289
-0.033174
-0.031955
-0.030089
-0.027561
-0.026318
-0.024630
-0.022281
-0.020614
-0.018997
-0.016928
-0.014899
-0.013268
-0.011352
-0.009213
-0.007509
-0.005641
-0.003645
-0.001776
0.000125
0.002025
0.003887
0.005876
0.007783
0.009447
0.011556
0.013545
0.015129
0.017119
0.019241
0.020917
0.022531
0.024813
0.026652
0.027772
0.030215
0.032263
0.033391
0.035413
0.037689
0.039092
0.040387
0.042887
0.044603
0.045128
0.047822
0.049864
0.050508
0.052475
0.054831
0.055921
0.056838
0.059472
0.061013
0.060914
0.063769
0.065740
0.065886
0.067714
0.070073
0.070820
0.071313
0.073995
0.075313
0.074582
0.077501
0.079340
0.078995
0.080599
0.082885
0.083275
0.083309
0.085949
0.087010
0.085659
0.088543
0.090193
0.089380
0.090687
0.092826
0.092851
0.092415
0.094924
0.095696
0.093763
0.096514
0.097922
0.096675
0.097631
0.099550
0.099216
0.098315
0.100610
0.101069
0.098617
0.101141
0.102260
0.100625
0.101190
0.102825
0.102146
0.100809
0.102809
0.102942
0.100054
0.102264
0.103055
0.101086
0.101248
0.102540
0.101531
0.099818
0.101452
0.101244
0.098035
0.099852
0.100281
0.098036
0.097804
0.098704
0.097396
0.095372
0.096582
0.096039
0.092622
0.093981
0.094032
0.091587
0.090973
0.091450
0.089886
0.087625
0.088367
0.087506
0.084003
0.084858
0.084526
0.081963
0.080994
0.081029
0.079260
0.076846
0.077094
0.075940
0.072478
0.072797
0.072093
0.069494
0.068213
0.067803
0.065884
0.063409
0.063152
0.061743
0.058474
0.058219
0.057162
0.054612
0.053074
0.052229
0.050223
0.047781
0.047025
0.045404
0.042436
0.041627
0.040250
0.037831
0.036100
0.034847
0.032817
0.030502
0.029273
0.027491
0.024917
0.023598
0.021944
0.019732
0.017881
0.016260
0.014269
0.012173
0.010509
0.008623
0.006524
0.004755
0.002878
0.000942
-0.000952
-0.002889
-0.004778
-0.006572
-0.008615
-0.010547
-0.012108
-0.014247
-0.016288
-0.017890
-0.019746
-0.021936
-0.023665
-0.025083
-0.027437
-0.029354
-0.030331
-0.032752
-0.034891
-0.036111
-0.037852
-0.040222
-0.041738
-0.042720
-0.045306
-0.047147
-0.047515
-0.050118
-0.052285
-0.053088
-0.054641
-0.057112
-0.058369
-0.058872
-0.061603
-0.063309
-0.063063
-0.065744
-0.067868
-0.068233
-0.069533
-0.072023
-0.072983
-0.072981
-0.075764
-0.077279
-0.076436
-0.079089
-0.081101
-0.081021
-0.082013
-0.084439
-0.085073
-0.084557
-0.087297
-0.088575
-0.087169
-0.089693
-0.091524
-0.091007
-0.091649
-0.093928
-0.094218
-0.093201
-0.095806
-0.096804
-0.094888
-0.097187
-0.098778
-0.097845
-0.098108
-0.100163
-0.100103
-0.098615
-0.100995
-0.101681
-0.099324
-0.101314
-0.102610
-0.101295
-0.101168
-0.102929
-0.102520
-0.100612
-0.102685
-0.103036
-0.100321
-0.101930
-0.102888
-0.101238
-0.100724
-0.102129
-0.101387
-0.099125
-0.100818
-0.100822
-0.097843
-0.099017
-0.099602
-0.097673
-0.096791
-0.097792
-0.096742
-0.094205
-0.095460
-0.095116
-0.091973
-0.092675
-0.092867
-0.090723
-0.089507
-0.090069
-0.088744
-0.086024
-0.086797
-0.086114
-0.082913
-0.083126
-0.082914
-0.080627
-0.079126
-0.079226
-0.077670
-0.074867
-0.075129
-0.074128
-0.070975
-0.070699
-0.070090
-0.067734
-0.066008
-0.065641
-0.063902
-0.061120
-0.060862
-0.059573
-0.056571
-0.055828
-0.054839
-0.052489
-0.050608
-0.049784
-0.047918
-0.045262
-0.044490
-0.042954
-0.040198
-0.039027
-0.037688
-0.035419
-0.033459
-0.032205
-0.030269
-0.027841
-0.026580
-0.024844
-0.022423
-0.020878
-0.019232
-0.017116
-0.015157
-0.013512
-0.011568
-0.009461
-0.007752
-0.005873
-0.003861
-0.002011
-0.000111
0.001788
0.003664
0.005647
0.007538
0.009240
0.011340
0.013304
0.014846
0.016920
0.019014
0.020638
0.022352
0.024607
0.026388
0.027613
0.030034
0.032023
0.033053
0.035259
0.037480
0.038783
0.040259
0.042712
0.044330
0.045022
0.047683
0.049634
0.050128
0.052370
0.054647
0.055593
0.056764
0.059335
0.060742
0.060865
0.063676
0.065528
0.065478
0.067662
0.069921
0.070485
0.071297
0.073900
0.075054
0.074593
0.077459
0.079155
0.078574
0.080604
0.082772
0.082946
0.083352
0.085902
0.086772
0.085728
0.088554
0.090041
0.088961
0.090748
0.092755
0.092541
0.092514
0.094925
0.095489
0.093889
0.096578
0.097810
0.096274
0.097745
0.099524
0.098935
0.098468
0.100660
0.100900
0.098795
0.101254
0.102192
0.100257
0.101354
0.102846
0.101905
0.101009
0.102906
0.102817
0.100277
0.102424
0.103033
0.100764
0.101455
0.102606
0.101339
0.100059
0.101592
0.101167
0.098296
0.100051
0.100304
0.097769
0.098048
0.098813
0.097257
0.095646
0.096760
0.096012
0.092911
0.094214
0.094101
0.091384
0.091245
0.091598
0.089805
0.087922
0.088578
0.087529
0.084311
0.085116
0.084637
0.081830
0.081285
0.081210
0.079239
0.077156
0.077329
0.076013
0.072794
0.073072
0.072242
0.069437
0.068513
0.068010
0.065925
0.063721
0.063403
0.061862
0.058759
0.058499
0.057343
0.054631
0.053371
0.052456
0.050322
0.048084
0.047284
0.045566
0.042695
0.041904
0.040457
0.037925
0.036385
0.035085
0.032970
0.030786
0.029529
0.027688
0.025157
0.023861
0.022170
0.019896
0.018143
0.016500
0.014471
0.012427
0.010754
0.008847
0.006753
0.004996
0.003113
0.001170
-0.000722
-0.002655
-0.004535
-0.006356
-0.008391
-0.010303
-0.011878
-0.014038
-0.016053
-0.017607
-0.019556
-0.021717
-0.023391
-0.024914
-0.027242
-0.029099
-0.030092
-0.032582
-0.034663
-0.035782
-0.037708
-0.040026
-0.041442
-0.042602
-0.045146
-0.046891
-0.047258
-0.049993
-0.052073
-0.052727
-0.054550
-0.056947
-0.058063
-0.058811
-0.061485
-0.063061
-0.062782
-0.065669
-0.067680
-0.067853
-0.069497
-0.071895
-0.072678
-0.072977
-0.075691
-0.077049
-0.076127
-0.079067
-0.080944
-0.080635
-0.082034
-0.084351
-0.084779
-0.084612
-0.087273
-0.088371
-0.086831
-0.089724
-0.091404
-0.090630
-0.091726
-0.093885
-0.093947
-0.093312
-0.095832
-0.096633
-0.094524
-0.097271
-0.098699
-0.097489
-0.098239
-0.100167
-0.099864
-0.098779
-0.101069
-0.101549
-0.098942
-0.101447
-0.102575
-0.100974
-0.101347
-0.102978
-0.102322
-0.100823
-0.102806
-0.102949
-0.099932
-0.102109
-0.102898
-0.100963
-0.100946
-0.102223
-0.101237
-0.099375
-0.100981
-0.100782
-0.097484
-0.099235
-0.099658
-0.097453
-0.097048
-0.097927
-0.096644
-0.094486
-0.095660
-0.095124
-0.091682
-0.092924
-0.092965
-0.090565
-0.089790
-0.090240
-0.088702
-0.086327
-0.087026
-0.086170
-0.082699
-0.083397
-0.083052
-0.080537
-0.079425
-0.079428
-0.077684
-0.075180
-0.075380
-0.074230
-0.070845
-0.070984
-0.070262
-0.067714
-0.066313
-0.065866
-0.063973
-0.061434
-0.061125
-0.059717
-0.056529
-0.056115
-0.055038
-0.052539
-0.050907
-0.050024
-0.048041
-0.045564
-0.044755
-0.043133
-0.040245
-0.039307
-0.037908
-0.035537
-0.033743
-0.032450
-0.030441
-0.028121
-0.026839
-0.025053
-0.022556
-0.021141
-0.019464
-0.017297
-0.015416
-0.013754
-0.011781
-0.009710
-0.007995
-0.006103
-0.004075
-0.002247
-0.000346
0.001551
0.003441
0.005416
0.007292
0.009031
0.011121
0.013061
0.014561
0.016719
0.018784
0.020355
0.022171
0.024397
0.026119
0.027452
0.029848
0.031776
0.032706
0.035100
0.037264
0.038463
0.040126
0.042530
0.044047
0.044915
0.047537
0.049394
0.049733
0.052260
0.054453
0.055250
0.056686
0.059188
0.060456
0.060815
0.063575
0.065303
0.065050
0.067604
0.069756
0.070131
0.071275
0.073793
0.074776
0.074601
0.077407
0.078952
0.078129
0.080600
0.082642
0.082595
0.083388
0.085840
0.086513
0.085795
0.088553
0.089870
0.088515
0.090799
0.092666
0.092205
0.092607
0.094911
0.095258
0.094012
0.096628
0.097677
0.095844
0.097849
0.099480
0.098627
0.098614
0.100694
0.100705
0.098970
0.101355
0.102101
0.099858
0.101508
0.102848
0.101636
0.101204
0.102988
0.102666
0.100498
0.102571
0.102988
0.100409
0.101654
0.102653
0.101117
0.100295
0.101717
0.101064
0.098555
0.100239
0.100306
0.097469
0.098284
0.098904
0.097090
0.095915
0.096925
0.095960
0.093199
0.094437
0.094149
0.091151
0.091510
0.091729
0.089698
0.088215
0.088776
0.087531
0.084618
0.085365
0.084730
0.081671
0.081570
0.081377
0.079195
0.077463
0.077553
0.076067
0.073110
0.073338
0.072375
0.069355
0.068807
0.068206
0.065945
0.064031
0.063646
0.061966
0.059073
0.058774
0.057512
0.054630
0.053664
0.052673
0.050405
0.048385
0.047536
0.045715
0.042995
0.042177
0.040656
0.038004
0.036667
0.035317
0.033113
0.031069
0.029781
0.027877
0.025433
0.024122
0.022390
0.020052
0.018405
0.016738
0.014668
0.012682
0.010998
0.009070
0.006996
0.005236
0.003347
0.001396
-0.000491
-0.002421
-0.004292
-0.006139
-0.008164
-0.010056
-0.011677
-0.013827
-0.015814
-0.017319
-0.019364
-0.021495
-0.023111
-0.024742
-0.027041
-0.028837
-0.029940
-0.032408
-0.034428
-0.035444
-0.037562
-0.039823
-0.041135
-0.042482
-0.044979
-0.046623
-0.047160
-0.049862
-0.051850
-0.052350
-0.054454
-0.056772
-0.057741
-0.058745
-0.061357
-0.062798
-0.062742
-0.065586
-0.067478
-0.067452
-0.069455
-0.071753
-0.072353
-0.072969
-0.075607
-0.076801
-0.076145
-0.079036
-0.080770
-0.080225
-0.082048
-0.084249
-0.084463
-0.084662
-0.087237
-0.088145
-0.086907
-0.089745
-0.091265
-0.090224
-0.091795
-0.093826
-0.093651
-0.093419
-0.095843
-0.096439
-0.094657
-0.097344
-0.098599
-0.097103
-0.098361
-0.100153
-0.099597
-0.098939
-0.101130
-0.101394
-0.099125
-0.101569
-0.102519
-0.100622
-0.101519
-0.103010
-0.102096
-0.101030
-0.102912
-0.102837
-0.100160
-0.102277
-0.102888
-0.100655
-0.101160
-0.102300
-0.101058
-0.099622
-0.101131
-0.100718
-0.097725
-0.099442
-0.099692
-0.097202
-0.097298
-0.098046
-0.096519
-0.094765
-0.095846
-0.095109
-0.091907
-0.093163
-0.093044
-0.090379
-0.090067
-0.090397
-0.088635
-0.086627
-0.087244
-0.086205
-0.082909
-0.083660
-0.083172
-0.080421
-0.079719
-0.079617
-0.077677
-0.075491
-0.075620
-0.074314
-0.071041
-0.071261
-0.070419
-0.067672
-0.066613
-0.066080
-0.064025
-0.061745
-0.061380
-0.059846
-0.056718
-0.056397
-0.055226
-0.052572
-0.051204
-0.050255
-0.048151
-0.045865
-0.045015
-0.043302
-0.040435
-0.039583
-0.038119
-0.035643
-0.034026
-0.032691
-0.030603
-0.028401
-0.027095
-0.025256
-0.022757
-0.021402
-0.019692
-0.017471
-0.015674
-0.013995
-0.011990
-0.009959
-0.008238
-0.006331
-0.004297
-0.002484
-0.000581
0.001315
0.003216
0.005184
0.007045
0.008821
0.010901
0.012816
0.014305
0.016515
0.018550
0.020066
0.021987
0.024182
0.025843
0.027289
0.029658
0.031523
0.032404
0.034937
0.037040
0.038134
0.039991
0.042340
0.043753
0.044804
0.047384
0.049142
0.049374
0.052143
0.054247
0.054891
0.056603
0.059030
0.060154
0.060761
0.063465
0.065062
0.064626
0.067538
0.069576
0.069756
0.071249
0.073674
0.074478
0.074606
0.077344
0.078732
0.077658
0.080588
0.082496
0.082219
0.083418
0.085764
0.086231
0.085858
0.088540
0.089679
0.088040
0.090841
0.092559
0.091842
0.092693
0.094881
0.095002
0.094132
0.096666
0.097521
0.095381
0.097944
0.099416
0.098290
0.098754
0.100711
0.100485
0.099142
0.101443
0.101987
0.099425
0.101653
0.102829
0.101336
0.101393
0.103052
0.102489
0.100716
0.102705
0.102920
0.100020
0.101843
0.102681
0.100865
0.100525
0.101826
0.100935
0.098811
0.100415
0.100285
0.097137
0.098511
0.098976
0.096893
0.096179
0.097074
0.095883
0.093486
0.094647
0.094175
0.090886
0.091767
0.091842
0.089563
0.088504
0.088959
0.087509
0.084924
0.085603
0.084803
0.081482
0.081847
0.081527
0.079127
0.077765
0.077765
0.076100
0.073424
0.073595
0.072491
0.069250
0.069095
0.068389
0.065945
0.064337
0.063878
0.062053
0.059386
0.059041
0.057668
0.054610
0.053954
0.052881
0.050473
0.048685
0.047780
0.045852
0.043295
0.042445
0.040844
0.038070
0.036947
0.035542
0.033246
0.031351
0.030029
0.028059
0.025710
0.024381
0.022605
0.020200
0.018665
0.016972
0.014860
0.012936
0.011240
0.009289
0.007240
0.005477
0.003580
0.001620
-0.000259
-0.002186
-0.004049
-0.005921
-0.007937
-0.009807
-0.011475
-0.013614
-0.015571
-0.017027
-0.019169
-0.021268
-0.022825
-0.024568
-0.026836
-0.028569
-0.029786
-0.032229
-0.034185
-0.035095
-0.037411
-0.039613
-0.040818
-0.042358
-0.044805
-0.046345
-0.047060
-0.049725
-0.051617
-0.051958
-0.054352
-0.056586
-0.057403
-0.058676
-0.061219
-0.062520
-0.062699
-0.065495
-0.067262
-0.067031
-0.069407
-0.071598
-0.072007
-0.072957
-0.075511
-0.076533
-0.076162
-0.078994
-0.080579
-0.079789
-0.082054
-0.084131
-0.084122
-0.084708
-0.087186
-0.087898
-0.086982
-0.089755
-0.091106
-0.089790
-0.091857
-0.093749
-0.093327
-0.093521
-0.095841
-0.096221
-0.094787
-0.097405
-0.098479
-0.096686
-0.098475
-0.100120
-0.099303
-0.099093
-0.101174
-0.101212
-0.099307
-0.101680
-0.102441
-0.100236
-0.101682
-0.103023
-0.101840
-0.101232
-0.103003
-0.102699
-0.100386
-0.102433
-0.102854
-0.100315
-0.101366
-0.102358
-0.100850
-0.099864
-0.101265
-0.100628
-0.097989
-0.099637
-0.099706
-0.096918
-0.097540
-0.098147
-0.096366
-0.095039
-0.096019
-0.095071
-0.092199
-0.093392
-0.093103
-0.090162
-0.090337
-0.090537
-0.088542
-0.086923
-0.087448
-0.086219
-0.083218
-0.083914
-0.083274
-0.080278
-0.080007
-0.079791
-0.077648
-0.075800
-0.075850
-0.074379
-0.071358
-0.071531
-0.070561
-0.067607
-0.066909
-0.066282
-0.064059
-0.062055
-0.061626
-0.059959
-0.057030
-0.056673
-0.055402
-0.052586
-0.051498
-0.050477
-0.048246
-0.046165
-0.045269
-0.043460
-0.040733
-0.039856
-0.038323
-0.035736
-0.034307
-0.032925
-0.030756
-0.028681
-0.027347
-0.025451
-0.023030
-0.021662
-0.019915
-0.017638
-0.015932
-0.014233
-0.012194
-0.010209
-0.008480
-0.006558
-0.004535
-0.002721
-0.000817
0.001080
0.002990
0.004951
0.006796
0.008610
0.010678
0.012567
0.014111
0.016309
0.018312
0.019773
0.021801
0.023963
0.025560
0.027124
0.029463
0.031262
0.032259
0.034769
0.036808
0.037793
0.039852
0.042143
0.043447
0.044692
0.047224
0.048878
0.049283
0.052020
0.054031
0.054516
0.056515
0.058863
0.059837
0.060704
0.063346
0.064806
0.064593
0.067465
0.069383
0.069361
0.071216
0.073542
0.074161
0.074607
0.077271
0.078493
0.077658
0.080567
0.082333
0.081818
0.083442
0.085673
0.085926
0.085918
0.088515
0.089466
0.088025
0.090873
0.092433
0.091451
0.092773
0.094835
0.094720
0.094248
0.096691
0.097343
0.095339
0.098029
0.099332
0.097922
0.098887
0.100712
0.100237
0.099310
0.101516
0.101849
0.099348
0.101787
0.102790
0.101005
0.101574
0.103099
0.102283
0.100930
0.102825
0.102828
0.099917
0.102022
0.102688
0.100582
0.100748
0.101918
0.100778
0.099065
0.100577
0.100240
0.097033
0.098728
0.099027
0.096667
0.096437
0.097206
0.095780
0.093769
0.094845
0.094179
0.090790
0.092015
0.091937
0.089401
0.088786
0.089128
0.087463
0.085228
0.085830
0.084855
0.081405
0.082117
0.081662
0.079034
0.078063
0.077964
0.076113
0.073738
0.073843
0.072591
0.069204
0.069378
0.068558
0.065924
0.064640
0.064100
0.062122
0.059697
0.059301
0.057810
0.054610
0.054238
0.053079
0.050524
0.048982
0.048017
0.045976
0.043594
0.042708
0.041024
0.038130
0.037224
0.035760
0.033367
0.031632
0.030273
0.028232
0.025986
0.024638
0.022814
0.020339
0.018924
0.017203
0.015045
0.013191
0.011481
0.009505
0.007484
0.005717
0.003812
0.001842
-0.000026
-0.001950
-0.003806
-0.005702
-0.007707
-0.009557
-0.011271
-0.013398
-0.015326
-0.016731
-0.018972
-0.021037
-0.022533
-0.024391
-0.026627
-0.028293
-0.029631
-0.032046
-0.033935
-0.034737
-0.037255
-0.039395
-0.040489
-0.042231
-0.044622
-0.046055
-0.046958
-0.049581
-0.051371
-0.051550
-0.054245
-0.056389
-0.057050
-0.058603
-0.061071
-0.062226
-0.062654
-0.065395
-0.067030
-0.066588
-0.069351
-0.071430
-0.071641
-0.072940
-0.075403
-0.076245
-0.076175
-0.078943
-0.080370
-0.079328
-0.082052
-0.083997
-0.083757
-0.084748
-0.087122
-0.087628
-0.087054
-0.089753
-0.090927
-0.089327
-0.091909
-0.093654
-0.092976
-0.093617
-0.095822
-0.095977
-0.094915
-0.097454
-0.098336
-0.096237
-0.098580
-0.100068
-0.098979
-0.099242
-0.101203
-0.101004
-0.099486
-0.101777
-0.102339
-0.099818
-0.101836
-0.103016
-0.101554
-0.101428
-0.103078
-0.102534
-0.100611
-0.102576
-0.102798
-0.099941
-0.101563
-0.102396
-0.100612
-0.100101
-0.101383
-0.100512
-0.098251
-0.099821
-0.099696
-0.096603
-0.097774
-0.098229
-0.096185
-0.095308
-0.096177
-0.095007
-0.092489
-0.093610
-0.093141
-0.089914
-0.090599
-0.090659
-0.088423
-0.087215
-0.087640
-0.086210
-0.083526
-0.084158
-0.083358
-0.080107
-0.080289
-0.079950
-0.077594
-0.076105
-0.076068
-0.074424
-0.071673
-0.071793
-0.070687
-0.067518
-0.067200
-0.066471
-0.064073
-0.062362
-0.061863
-0.060057
-0.057342
-0.056943
-0.055566
-0.052582
-0.051787
-0.050690
-0.048326
-0.046463
-0.045517
-0.043606
-0.041030
-0.040125
-0.038518
-0.035816
-0.034585
-0.033154
-0.030899
-0.028960
-0.027596
-0.025640
-0.023302
-0.021920
-0.020134
-0.017798
-0.016189
-0.014469
-0.012394
-0.010460
-0.008721
-0.006782
-0.004773
-0.002959
-0.001051
0.000846
0.002762
0.004717
0.006547
0.008398
0.010453
0.012316
0.013915
0.016100
0.018070
0.019474
0.021613
0.023739
0.025272
0.026957
0.029263
0.030994
0.032113
0.034597
0.036568
0.037441
0.039708
0.041938
0.043130
0.044576
0.047056
0.048603
0.049191
0.051891
0.053802
0.054124
0.056422
0.058684
0.059503
0.060644
0.063217
0.064533
0.064559
0.067383
0.069174
0.068944
0.071177
0.073397
0.073823
0.074605
0.077185
0.078234
0.077683
0.080536
0.082153
0.081392
0.083459
0.085567
0.085597
0.085973
0.088476
0.089231
0.088108
0.090895
0.092287
0.091031
0.092845
0.094772
0.094412
0.094359
0.096701
0.097140
0.095477
0.098102
0.099226
0.097524
0.099012
0.100694
0.099960
0.099473
0.101575
0.101686
0.099537
0.101910
0.102729
0.100642
0.101747
0.103128
0.102049
0.101141
0.102930
0.102710
0.100150
0.102190
0.102672
0.100266
0.100964
0.101991
0.100593
0.099314
0.100724
0.100170
0.097302
0.098934
0.099058
0.096409
0.096687
0.097322
0.095650
0.094049
0.095030
0.094160
0.091085
0.092253
0.092012
0.089209
0.089063
0.089282
0.087392
0.085528
0.086045
0.084887
0.081716
0.082379
0.081779
0.078915
0.078356
0.078150
0.076103
0.074048
0.074081
0.072672
0.069520
0.069653
0.068712
0.065881
0.064939
0.064311
0.062174
0.060008
0.059554
0.057937
0.054921
0.054518
0.053265
0.050558
0.049276
0.048246
0.046086
0.043893
0.042965
0.041192
0.038424
0.037498
0.035971
0.033476
0.031911
0.030511
0.028397
0.026263
0.024891
0.023017
0.020602
0.019183
0.017431
0.015225
0.013445
0.011720
0.009717
0.007729
0.005958
0.004042
0.002073
0.000207
-0.001714
-0.003563
-0.005481
-0.007476
-0.009305
-0.011067
-0.013179
-0.015077
-0.016523
-0.018771
-0.020801
-0.022236
-0.024212
-0.026412
-0.028011
-0.029473
-0.031857
-0.033677
-0.034540
-0.037096
-0.039169
-0.040149
-0.042099
-0.044432
-0.045753
-0.046854
-0.049429
-0.051114
-0.051355
-0.054131
-0.056180
-0.056679
-0.058524
-0.060912
-0.061915
-0.062606
-0.065286
-0.066783
-0.066386
-0.069288
-0.071246
-0.071254
-0.072918
-0.075282
-0.075938
-0.076186
-0.078880
-0.080141
-0.079114
-0.082042
-0.083845
-0.083367
-0.084782
-0.087043
