0.000000
0.003818
0.007696
0.011331
0.015117
0.019157
0.022790
0.026120
0.030376
0.034152
0.036755
0.041205
0.045215
0.047980
0.051524
0.055809
0.058865
0.061244
0.065794
0.069218
0.070396
0.075060
0.078876
0.080560
0.083533
0.087715
0.089960
0.091167
0.095643
0.098452
0.098138
0.102603
0.105931
0.106426
0.108571
0.112329
0.113610
0.113550
0.117613
0.119612
0.117876
0.121782
0.124391
0.123705
0.124863
0.127941
0.128210
0.126911
0.130288
0.131380
0.128425
0.131489
0.133242
0.131501
0.131620
0.133853
0.133167
0.130780
0.133296
0.133481
0.129606
0.131675
0.132533
0.129949
0.129107
0.130432
0.128933
0.125723
0.127308
0.126678
0.122245
0.123299
0.123320
0.120173
0.118551
0.119010
0.116914
0.113210
0.113905
0.112631
0.108024
0.108165
0.107493
0.104093
0.101947
0.101673
0.099237
0.095402
0.095340
0.093643
0.089215
0.088657
0.087493
0.084137
0.081774
0.080961
0.078448
0.074826
0.074210
0.072333
0.068387
0.067386
0.065967
0.062925
0.060620
0.059507
0.057165
0.054024
0.053094
0.051277
0.048030
0.046846
0.045409
0.042882
0.040865
0.039688
0.037713
0.035228
0.034220
0.032658
0.030221
0.029089
0.027830
0.025931
0.024357
0.023315
0.021827
0.020066
0.019179
0.017999
0.016370
0.015464
0.014516
0.013261
0.012194
0.011421
0.010451
0.009377
0.008737
0.007985
0.007061
0.006471
0.005885
0.005199
0.004610
0.004155
0.003650
0.003132
0.002783
0.002415
0.002020
0.001741
0.001481
0.001216
0.000994
0.000818
0.000650
0.000497
0.000387
0.000289
0.000203
0.000142
0.000094
0.000057
0.000031
0.000015
0.000006
0.000001
0.000000
-0.000000
-0.000001
-0.000005
-0.000014
-0.000029
-0.000053
-0.000089
-0.000136
-0.000194
-0.000277
-0.000376
-0.000482
-0.000627
-0.000798
-0.000975
-0.001182
-0.001447
-0.001717
-0.001979
-0.002361
-0.002749
-0.003086
-0.003570
-0.004101
-0.004571
-0.005100
-0.005798
-0.006432
-0.006968
-0.007854
-0.008682
-0.009292
-0.010276
-0.011325
-0.012147
-0.013064
-0.014357
-0.015427
-0.016213
-0.017762
-0.019115
-0.019947
-0.021521
-0.023180
-0.024326
-0.025610
-0.027587
-0.029086
-0.030001
-0.032293
-0.034172
-0.035091
-0.037254
-0.039525
-0.040885
-0.042424
-0.045081
-0.046913
-0.047761
-0.050775
-0.053092
-0.053897
-0.056546
-0.059337
-0.060731
-0.062335
-0.065567
-0.067561
-0.068093
-0.071704
-0.074286
-0.074741
-0.077680
-0.080808
-0.082011
-0.083437
-0.087041
-0.088973
-0.088930
-0.092910
-0.095521
-0.095392
-0.098354
-0.101563
-0.102337
-0.103325
-0.107022
-0.108638
-0.107794
-0.111840
-0.114205
-0.113298
-0.115975
-0.118965
-0.119094
-0.119404
-0.122869
-0.123924
-0.122124
-0.125886
-0.127728
-0.125920
-0.128008
-0.130472
-0.129793
-0.129245
-0.132142
-0.132433
-0.129625
-0.132750
-0.133827
-0.131093
-0.132328
-0.133988
-0.132420
-0.130923
-0.132951
-0.132344
-0.128599
-0.130773
-0.130906
-0.127329
-0.127528
-0.128172
-0.125731
-0.123303
-0.124230
-0.122683
-0.118196
-0.119181
-0.118283
-0.114054
-0.113140
-0.112652
-0.109454
-0.106228
-0.105922
-0.103493
-0.098568
-0.098236
-0.096324
-0.091722
-0.089740
-0.088112
-0.084367
-0.080579
-0.079026
-0.075873
-0.070893
-0.069239
-0.066436
-0.061804
-0.058914
-0.056253
-0.052241
-0.048209
-0.045517
-0.041877
-0.037262
-0.034410
-0.030933
-0.026637
-0.023101
-0.019618
-0.015658
-0.011740
-0.008129
-0.004297
-0.000456
0.003357
0.007224
0.010834
0.014685
0.018700
0.022283
0.025725
0.029952
0.033661
0.036375
0.040825
0.044762
0.047396
0.051195
0.055410
0.058327
0.060968
0.065458
0.068744
0.070079
0.074794
0.078481
0.079941
0.083336
0.087407
0.089436
0.091035
0.095425
0.098035
0.097870
0.102472
0.105626
0.105823
0.108520
0.112136
0.113145
0.113569
0.117527
0.119285
0.117646
0.121793
0.124198
0.123163
0.124959
0.127875
0.127834
0.127074
0.130337
0.131163
0.128213
0.131635
0.133171
0.131057
0.131847
0.133912
0.132903
0.131067
0.133467
0.133381
0.129405
0.131936
0.132577
0.129624
0.129438
0.130600
0.128788
0.126101
0.127576
0.126688
0.122060
0.123644
0.123463
0.119973
0.118950
0.119260
0.116879
0.113642
0.114238
0.112734
0.107865
0.108557
0.107707
0.104009
0.102375
0.101972
0.099294
0.095846
0.095700
0.093811
0.089108
0.089056
0.087746
0.084147
0.082191
0.081275
0.078566
0.075244
0.074561
0.072534
0.068357
0.067756
0.066226
0.062998
0.060993
0.059802
0.057315
0.054386
0.053406
0.051480
0.048067
0.047161
0.045644
0.042987
0.041170
0.039938
0.037864
0.035514
0.034472
0.032837
0.030292
0.029331
0.028020
0.026040
0.024582
0.023505
0.021956
0.020269
0.019359
0.018136
0.016445
0.015628
0.014650
0.013350
0.012339
0.011545
0.010543
0.009500
0.008848
0.008073
0.007119
0.006564
0.005963
0.005256
0.004686
0.004221
0.003701
0.003191
0.002835
0.002458
0.002052
0.001780
0.001514
0.001241
0.001021
0.000841
0.000667
0.000514
0.000401
0.000300
0.000211
0.000149
0.000099
0.000060
0.000034
0.000017
0.000006
0.000002
0.000000
-0.000000
-0.000001
-0.000004
-0.000012
-0.000026
-0.000049
-0.000084
-0.000129
-0.000186
-0.000267
-0.000363
-0.000465
-0.000610
-0.000777
-0.000948
-0.001157
-0.001417
-0.001679
-0.001945
-0.002320
-0.002699
-0.003023
-0.003520
-0.004040
-0.004493
-0.005039
-0.005725
-0.006339
-0.006898
-0.007771
-0.008577
-0.009154
-0.010184
-0.011210
-0.011994
-0.012965
-0.014234
-0.015264
-0.016107
-0.017635
-0.018945
-0.019711
-0.021392
-0.023009
-0.024085
-0.025480
-0.027418
-0.028845
-0.029871
-0.032131
-0.033939
-0.034746
-0.037100
-0.039306
-0.040552
-0.042281
-0.044880
-0.046601
-0.047627
-0.050597
-0.052808
-0.053443
-0.056391
-0.059088
-0.060316
-0.062204
-0.065356
-0.067194
-0.067983
-0.071535
-0.073973
-0.074197
-0.077552
-0.080556
-0.081538
-0.083348
-0.086851
-0.088579
-0.088874
-0.092782
-0.095211
-0.094789
-0.098284
-0.101339
-0.101841
-0.103307
-0.106883
-0.108254
-0.107819
-0.111781
-0.113932
-0.112678
-0.115989
-0.118803
-0.118616
-0.119481
-0.122810
-0.123587
-0.122250
-0.125922
-0.127528
-0.125336
-0.128126
-0.130399
-0.129378
-0.129432
-0.132186
-0.132181
-0.129864
-0.132896
-0.133727
-0.130594
-0.132560
-0.134025
-0.132110
-0.131222
-0.133109
-0.132208
-0.128947
-0.131032
-0.130926
-0.126961
-0.127869
-0.128329
-0.125558
-0.123705
-0.124501
-0.122682
-0.118637
-0.119544
-0.118431
-0.113853
-0.113572
-0.112924
-0.109439
-0.106708
-0.106292
-0.103634
-0.099075
-0.098680
-0.096594
-0.091710
-0.090234
-0.088481
-0.084514
-0.081103
-0.079469
-0.076147
-0.071427
-0.069730
-0.066807
-0.061983
-0.059432
-0.056692
-0.052540
-0.048734
-0.045997
-0.042263
-0.037781
-0.034909
-0.031374
-0.026991
-0.023599
-0.020088
-0.016083
-0.012224
-0.008605
-0.004760
-0.000915
0.002894
0.006751
0.010336
0.014249
0.018239
0.021771
0.025325
0.029522
0.033162
0.036016
0.040439
0.044299
0.046801
0.050861
0.054999
0.057773
0.060688
0.065112
0.068254
0.069850
0.074518
0.078069
0.079299
0.083131
0.087082
0.088889
0.090896
0.095191
0.097595
0.097789
0.102328
0.105299
0.105189
0.108458
0.111923
0.112647
0.113580
0.117422
0.118928
0.117715
0.121788
0.123979
0.122584
0.125042
0.127785
0.127423
0.127229
0.130365
0.130913
0.128421
0.131766
0.133071
0.130573
0.132062
0.133946
0.132602
0.131346
0.133617
0.133248
0.129727
0.132182
0.132593
0.129259
0.129758
0.130744
0.128606
0.126474
0.127825
0.126668
0.122463
0.123975
0.123579
0.119735
0.119340
0.119489
0.116811
0.114069
0.114554
0.112809
0.108308
0.108937
0.107899
0.103891
0.102796
0.102254
0.099322
0.096286
0.096047
0.093956
0.089551
0.089445
0.087981
0.084128
0.082602
0.081574
0.078663
0.075661
0.074903
0.072717
0.068747
0.068121
0.066471
0.063051
0.061363
0.060087
0.057449
0.054748
0.053712
0.051670
0.048375
0.047472
0.045870
0.043079
0.041473
0.040182
0.038005
0.035800
0.034720
0.033008
0.030518
0.029572
0.028206
0.026140
0.024807
0.023692
0.022080
0.020472
0.019538
0.018269
0.016595
0.015792
0.014782
0.013435
0.012484
0.011669
0.010633
0.009624
0.008958
0.008159
0.007206
0.006658
0.006041
0.005312
0.004763
0.004287
0.003752
0.003251
0.002887
0.002501
0.002090
0.001819
0.001547
0.001266
0.001048
0.000864
0.000685
0.000531
0.000416
0.000311
0.000220
0.000157
0.000105
0.000064
0.000036
0.000018
0.000007
0.000002
0.000000
-0.000000
-0.000001
-0.000004
-0.000011
-0.000024
-0.000046
-0.000079
-0.000123
-0.000179
-0.000257
-0.000350
-0.000449
-0.000593
-0.000756
-0.000922
-0.001132
-0.001386
-0.001641
-0.001911
-0.002280
-0.002649
-0.002965
-0.003469
-0.003978
-0.004414
-0.004979
-0.005652
-0.006246
-0.006827
-0.007688
-0.008471
-0.009027
-0.010092
-0.011094
-0.011840
-0.012865
-0.014110
-0.015098
-0.016001
-0.017506
-0.018773
-0.019490
-0.021261
-0.022834
-0.023838
-0.025348
-0.027246
-0.028598
-0.029740
-0.031965
-0.033699
-0.034408
-0.036944
-0.039079
-0.040208
-0.042135
-0.044672
-0.046277
-0.047492
-0.050411
-0.052512
-0.052974
-0.056230
-0.058827
-0.059885
-0.062069
-0.065135
-0.066810
-0.067871
-0.071356
-0.073645
-0.073630
-0.077417
-0.080287
-0.081043
-0.083253
-0.086646
-0.088163
-0.088815
-0.092641
-0.094880
-0.094155
-0.098203
-0.101095
-0.101315
-0.103282
-0.106727
-0.107841
-0.107840
-0.111708
-0.113634
-0.112022
-0.115991
-0.118616
-0.118104
-0.119550
-0.122731
-0.123218
-0.122373
-0.125941
-0.127298
-0.124709
-0.128232
-0.130300
-0.128925
-0.129610
-0.132207
-0.131895
-0.130098
-0.133025
-0.133596
-0.130049
-0.132778
-0.134036
-0.131759
-0.131513
-0.133244
-0.132036
-0.129291
-0.131274
-0.130916
-0.126549
-0.128197
-0.128460
-0.125346
-0.124098
-0.124752
-0.122648
-0.119076
-0.119892
-0.118552
-0.113612
-0.113994
-0.113173
-0.109388
-0.107181
-0.106645
-0.103747
-0.099580
-0.099111
-0.096840
-0.091664
-0.090721
-0.088834
-0.084633
-0.081623
-0.079900
-0.076400
-0.071961
-0.070214
-0.067162
-0.062137
-0.059946
-0.057120
-0.052820
-0.049258
-0.046471
-0.042635
-0.038300
-0.035404
-0.031808
-0.027332
-0.024097
-0.020555
-0.016500
-0.012708
-0.009081
-0.005220
-0.001375
0.002429
0.006276
0.009839
0.013810
0.017775
0.021255
0.024923
0.029086
0.032656
0.035654
0.040046
0.043826
0.046192
0.050519
0.054578
0.057205
0.060401
0.064754
0.067746
0.069617
0.074231
0.077639
0.078633
0.082915
0.086740
0.088317
0.090749
0.094941
0.097129
0.097703
0.102169
0.104948
0.104520
0.108386
0.111687
0.112118
0.113583
0.117298
0.118541
0.117781
0.121768
0.123731
0.121965
0.125113
0.127670
0.126975
0.127376
0.130372
0.130629
0.128626
0.131879
0.132940
0.130045
0.132264
0.133954
0.132262
0.131618
0.133746
0.133081
0.130048
0.132411
0.132580
0.128851
0.130067
0.130863
0.128387
0.126839
0.128054
0.126615
0.122864
0.124291
0.123668
0.119456
0.119720
0.119695
0.116709
0.114491
0.114853
0.112856
0.108750
0.109304
0.108067
0.103738
0.103208
0.102517
0.099320
0.096723
0.096381
0.094077
0.089993
0.089825
0.088196
0.084081
0.083009
0.081859
0.078735
0.076075
0.075235
0.072882
0.069153
0.068478
0.066702
0.063081
0.061729
0.060362
0.057565
0.055109
0.054011
0.051848
0.048718
0.047779
0.046087
0.043155
0.041775
0.040420
0.038135
0.036087
0.034964
0.033171
0.030781
0.029810
0.028385
0.026231
0.025031
0.023875
0.022197
0.020675
0.019715
0.018398
0.016775
0.015956
0.014912
0.013515
0.012630
0.011791
0.010720
0.009749
0.009067
0.008244
0.007310
0.006752
0.006118
0.005367
0.004840
0.004352
0.003802
0.003311
0.002940
0.002543
0.002135
0.001859
0.001579
0.001291
0.001076
0.000887
0.000703
0.000549
0.000430
0.000323
0.000230
0.000164
0.000111
0.000068
0.000039
0.000020
0.000008
0.000002
0.000000
-0.000000
-0.000000
-0.000003
-0.000010
-0.000022
-0.000043
-0.000075
-0.000116
-0.000171
-0.000247
-0.000337
-0.000436
-0.000576
-0.000735
-0.000895
-0.001107
-0.001356
-0.001604
-0.001878
-0.002240
-0.002599
-0.002922
-0.003419
-0.003916
-0.004335
-0.004919
-0.005579
-0.006152
-0.006757
-0.007604
-0.008364
-0.008947
-0.010000
-0.010976
-0.011682
-0.012765
-0.013985
-0.014929
-0.015894
-0.017375
-0.018596
-0.019377
-0.021128
-0.022655
-0.023585
-0.025215
-0.027069
-0.028345
-0.029608
-0.031794
-0.033452
-0.034276
-0.036783
-0.038845
-0.039854
-0.041985
-0.044457
-0.045942
-0.047355
-0.050219
-0.052205
-0.052847
-0.056064
-0.058555
-0.059437
-0.061928
-0.064903
-0.066409
-0.067756
-0.071168
-0.073299
-0.073499
-0.077272
-0.080003
-0.080523
-0.083152
-0.086427
-0.087724
-0.088751
-0.092486
-0.094527
-0.094031
-0.098112
-0.100831
-0.100760
-0.103248
-0.106551
-0.107399
-0.107856
-0.111618
-0.113309
-0.111913
-0.115981
-0.118406
-0.117556
-0.119609
-0.122630
-0.122815
-0.122489
-0.125942
-0.127037
-0.124627
-0.128323
-0.130174
-0.128432
-0.129778
-0.132206
-0.131571
-0.130326
-0.133134
-0.133433
-0.130007
-0.132982
-0.134019
-0.131367
-0.131794
-0.133357
-0.131828
-0.129630
-0.131498
-0.130874
-0.126561
-0.128512
-0.128564
-0.125094
-0.124483
-0.124981
-0.122579
-0.119510
-0.120223
-0.118643
-0.113694
-0.114404
-0.113399
-0.109302
-0.107648
-0.106980
-0.103829
-0.100082
-0.099530
-0.097063
-0.091831
-0.091199
-0.089167
-0.084724
-0.082137
-0.080317
-0.076631
-0.072493
-0.070688
-0.067500
-0.062404
-0.060454
-0.057535
-0.053082
-0.049780
-0.046936
-0.042995
-0.038819
-0.035896
-0.032233
-0.027707
-0.024593
-0.021017
-0.016909
-0.013193
-0.009555
-0.005677
-0.001838
0.001963
0.005801
0.009353
0.013369
0.017306
0.020735
0.024516
0.028645
0.032142
0.035288
0.039646
0.043343
0.045595
0.050171
0.054145
0.056620
0.060109
0.064384
0.067222
0.069379
0.073932
0.077192
0.077942
0.082690
0.086380
0.087719
0.090595
0.094674
0.096638
0.097613
0.101996
0.104571
0.103818
0.108300
0.111428
0.111555
0.113577
0.117154
0.118121
0.117841
0.121731
0.123455
0.121305
0.125170
0.127530
0.126489
0.127514
0.130356
0.130311
0.128826
0.131975
0.132779
0.129473
0.132453
0.133936
0.131882
0.131881
0.133852
0.132877
0.130364
0.132623
0.132535
0.128397
0.130363
0.130956
0.128128
0.127197
0.128263
0.126528
0.123262
0.124592
0.123729
0.119136
0.120090
0.119879
0.116570
0.114906
0.115134
0.112872
0.109190
0.109658
0.108210
0.103549
0.103612
0.102761
0.099288
0.097155
0.096699
0.094172
0.090435
0.090195
0.088392
0.084004
0.083409
0.082129
0.078784
0.076486
0.075556
0.073027
0.069560
0.068829
0.066918
0.063090
0.062091
0.060626
0.057664
0.055468
0.054303
0.052012
0.049062
0.048082
0.046294
0.043216
0.042075
0.040651
0.038254
0.036373
0.035203
0.033326
0.031046
0.030046
0.028560
0.026313
0.025254
0.024055
0.022308
0.020879
0.019890
0.018523
0.016956
0.016118
0.015039
0.013591
0.012775
0.011912
0.010805
0.009874
0.009177
0.008328
0.007414
0.006846
0.006194
0.005419
0.004917
0.004418
0.003852
0.003372
0.002993
0.002585
0.002181
0.001899
0.001612
0.001316
0.001104
0.000911
0.000722
0.000567
0.000445
0.000334
0.000240
0.000172
0.000116
0.000072
0.000042
0.000022
0.000009
0.000003
0.000000
0.000000
-0.000000
-0.000002
-0.000009
-0.000020
-0.000040
-0.000070
-0.000110
-0.000164
-0.000238
-0.000325
-0.000423
-0.000560
-0.000714
-0.000869
-0.001082
-0.001326
-0.001566
-0.001844
-0.002200
-0.002549
-0.002879
-0.003369
-0.003854
-0.004256
-0.004858
-0.005505
-0.006058
-0.006687
-0.007520
-0.008256
-0.008867
-0.009906
-0.010857
-0.011523
-0.012664
-0.013857
-0.014758
-0.015786
-0.017242
-0.018416
-0.019264
-0.020992
-0.022472
-0.023327
-0.025080
-0.026888
-0.028085
-0.029474
-0.031619
-0.033198
-0.034143
-0.036617
-0.038603
-0.039489
-0.041832
-0.044234
-0.045596
-0.047214
-0.050019
-0.051886
-0.052718
-0.055890
-0.058271
-0.058972
-0.061782
-0.064660
-0.065991
-0.067636
-0.070969
-0.072936
-0.073402
-0.077119
-0.079702
-0.079980
-0.083042
-0.086191
-0.087261
-0.088682
-0.092318
-0.094150
-0.093995
-0.098008
-0.100545
-0.100173
-0.103205
-0.106356
-0.106928
-0.107865
-0.111511
-0.112955
-0.111965
-0.115956
-0.118170
-0.116970
-0.119657
-0.122506
-0.122378
-0.122599
-0.125923
-0.126745
-0.124784
-0.128399
-0.130020
-0.127897
-0.129934
-0.132180
-0.131210
-0.130548
-0.133223
-0.133236
-0.130277
-0.133170
-0.133972
-0.130932
-0.132064
-0.133445
-0.131581
-0.129962
-0.131702
-0.130798
-0.126937
-0.128811
-0.128640
-0.124800
-0.124858
-0.125187
-0.122475
-0.119939
-0.120536
-0.118703
-0.114157
-0.114801
-0.113599
-0.109179
-0.108107
-0.107295
-0.103881
-0.100580
-0.099934
-0.097260
-0.092350
-0.091667
-0.089481
-0.084785
-0.082647
-0.080720
-0.076837
-0.073023
-0.071153
-0.067820
-0.062938
-0.060957
-0.057938
-0.053323
-0.050300
-0.047394
-0.043340
-0.039339
-0.036383
-0.032650
-0.028213
-0.025089
-0.021475
-0.017310
-0.013679
-0.010028
-0.006130
-0.002302
0.001496
0.005325
0.008918
0.012924
0.016834
0.020210
0.024106
0.028197
0.031621
0.034919
0.039240
0.042851
0.045268
0.049816
0.053700
0.056020
0.059810
0.064003
0.066680
0.069137
0.073622
0.076725
0.077743
0.082455
0.086002
0.087095
0.090432
0.094390
0.096121
0.097516
0.101806
0.104170
0.103698
0.108202
0.111146
0.110958
0.113561
0.116988
0.117670
0.117895
0.121675
0.123148
0.121244
0.125214
0.127362
0.125963
0.127641
0.130318
0.129956
0.129020
0.132051
0.132585
0.129434
0.132628
0.133889
0.131460
0.132134
0.133935
0.132637
0.130675
0.132817
0.132458
0.128367
0.130645
0.131022
0.127828
0.127546
0.128449
0.126405
0.123655
0.124876
0.123760
0.119111
0.120447
0.120037
0.116395
0.115314
0.115396
0.112856
0.109627
0.109998
0.108328
0.103532
0.104007
0.102984
0.099224
0.097582
0.097002
0.094242
0.090875
0.090554
0.088567
0.084020
0.083801
0.082383
0.078807
0.076894
0.075864
0.073152
0.069966
0.069171
0.067119
0.063137
0.062449
0.060878
0.057745
0.055825
0.054587
0.052162
0.049407
0.048379
0.046490
0.043283
0.042371
0.040875
0.038360
0.036658
0.035438
0.033472
0.031311
0.030280
0.028728
0.026385
0.025476
0.024231
0.022411
0.021083
0.020062
0.018643
0.017137
0.016280
0.015163
0.013662
0.012920
0.012032
0.010886
0.010000
0.009285
0.008409
0.007519
0.006940
0.006270
0.005470
0.004995
0.004483
0.003900
0.003433
0.003046
0.002627
0.002227
0.001940
0.001645
0.001340
0.001133
0.000934
0.000740
0.000585
0.000460
0.000346
0.000250
0.000180
0.000122
0.000076
0.000046
0.000024
0.000010
0.000003
0.000001
0.000000
-0.000000
-0.000002
-0.000008
-0.000018
-0.000037
-0.000066
-0.000104
-0.000157
-0.000228
-0.000312
-0.000410
-0.000544
-0.000694
-0.000843
-0.001058
-0.001296
-0.001528
-0.001811
-0.002160
-0.002499
-0.002836
-0.003318
-0.003791
-0.004176
-0.004798
-0.005431
-0.005962
-0.006616
-0.007435
-0.008146
-0.008787
-0.009812
-0.010736
-0.011362
-0.012562
-0.013727
-0.014583
-0.015678
-0.017107
-0.018233
-0.019150
-0.020855
-0.022285
-0.023063
-0.024942
-0.026702
-0.027819
-0.029338
-0.031440
-0.032937
-0.034010
-0.036448
-0.038354
-0.039113
-0.041675
-0.044003
-0.045238
-0.047071
-0.049812
-0.051555
-0.052587
-0.055710
-0.057974
-0.058490
-0.061631
-0.064404
-0.065555
-0.067512
-0.070758
-0.072556
-0.073303
-0.076955
-0.079384
-0.079413
-0.082925
-0.085940
-0.086773
-0.088607
-0.092134
-0.093751
-0.093956
-0.097892
-0.100237
-0.099555
-0.103152
-0.106141
-0.106426
-0.107868
-0.111386
-0.112574
-0.112013
-0.115916
-0.117907
-0.116347
-0.119694
-0.122359
-0.121905
-0.122701
-0.125885
-0.126420
-0.124937
-0.128458
-0.129837
-0.127321
-0.130078
-0.132128
-0.130811
-0.130762
-0.133290
-0.133004
-0.130543
-0.133342
-0.133895
-0.130453
-0.132322
-0.133507
-0.131295
-0.130287
-0.131885
-0.130688
-0.127310
-0.129095
-0.128687
-0.124463
-0.125222
-0.125369
-0.122332
-0.120361
-0.120830
-0.118732
-0.114618
-0.115185
-0.113774
-0.109017
-0.108556
-0.107590
-0.103900
-0.101073
-0.100322
-0.097431
-0.092867
-0.092124
-0.089775
-0.084816
-0.083150
-0.081107
-0.077020
-0.073551
-0.071607
-0.068122
-0.063473
-0.061453
-0.058328
-0.053544
-0.050817
-0.047843
-0.043671
-0.039858
-0.036865
-0.033056
-0.028721
-0.025582
-0.021928
-0.017702
-0.014166
-0.010500
-0.006580
-0.002768
0.001028
0.004849
0.008481
0.012477
0.016359
0.019683
0.023692
0.027744
0.031093
0.034546
0.038826
0.042348
0.044939
0.049453
0.053244
0.055404
0.059505
0.063608
0.066120
0.068890
0.073299
0.076240
0.077549
0.082208
0.085604
0.086444
0.090260
0.094087
0.095577
0.097413
0.101601
0.103743
0.103654
0.108090
0.110839
0.110326
0.113534
0.116801
0.117185
0.117942
0.121600
0.122810
0.121349
0.125241
0.127167
0.125396
0.127757
0.130255
0.129563
0.129208
0.132108
0.132358
0.129673
0.132786
0.133813
0.130996
0.132376
0.133994
0.132359
0.130979
0.132990
0.132348
0.128713
0.130912
0.131060
0.127486
0.127885
0.128613
0.126246
0.124044
0.125141
0.123759
0.119528
0.120791
0.120171
0.116181
0.115714
0.115637
0.112808
0.110060
0.110322
0.108418
0.103978
0.104390
0.103186
0.099128
0.098003
0.097288
0.094284
0.091312
0.090900
0.088720
0.084457
0.084186
0.082620
0.078804
0.077297
0.076161
0.073257
0.070371
0.069505
0.067303
0.063529
0.062801
0.061119
0.057806
0.056179
0.054862
0.052297
0.049750
0.048671
0.046676
0.043606
0.042665
0.041091
0.038453
0.036942
0.035668
0.033609
0.031577
0.030510
0.028889
0.026626
0.025697
0.024403
0.022508
0.021287
0.020233
0.018758
0.017320
0.016441
0.015284
0.013814
0.013065
0.012149
0.010963
0.010126
0.009393
0.008489
0.007626
0.007034
0.006344
0.005551
0.005073
0.004548
0.003948
0.003495
0.003099
0.002668
0.002273
0.001980
0.001678
0.001371
0.001162
0.000958
0.000758
0.000604
0.000476
0.000358
0.000261
0.000189
0.000129
0.000081
0.000049
0.000026
0.000012
0.000004
0.000001
0.000000
-0.000000
-0.000002
-0.000007
-0.000016
-0.000034
-0.000062
-0.000098
-0.000150
-0.000219
-0.000300
-0.000397
-0.000528
-0.000674
-0.000821
-0.001034
-0.001267
-0.001491
-0.001778
-0.002120
-0.002449
-0.002794
-0.003268
-0.003729
-0.004110
-0.004737
-0.005356
-0.005866
-0.006546
-0.007349
-0.008036
-0.008707
-0.009717
-0.010613
-0.011229
-0.012459
-0.013595
-0.014405
-0.015569
-0.016970
-0.018046
-0.019036
-0.020715
-0.022094
-0.022843
-0.024802
-0.026512
-0.027546
-0.029200
-0.031255
-0.032668
-0.033875
-0.036274
-0.038097
-0.038793
-0.041514
-0.043764
-0.044868
-0.046924
-0.049596
-0.051212
-0.052455
-0.055522
-0.057665
-0.058062
-0.061472
-0.064136
-0.065102
-0.067383
-0.070536
-0.072157
-0.073200
-0.076781
-0.079047
-0.078878
-0.082799
-0.085671
-0.086261
-0.088526
-0.091936
-0.093327
-0.093914
-0.097763
-0.099906
-0.098929
-0.103088
-0.105904
-0.105894
-0.107863
-0.111242
-0.112162
-0.112057
-0.115861
-0.117617
-0.115685
-0.119718
-0.122188
-0.121396
-0.122794
-0.125825
-0.126061
-0.125086
-0.128500
-0.129623
-0.126701
-0.130209
-0.132050
-0.130372
-0.130966
-0.133336
-0.132736
-0.130804
-0.133495
-0.133787
-0.129928
-0.132566
-0.133542
-0.130968
-0.130604
-0.132045
-0.130543
-0.127679
-0.129362
-0.128703
-0.124082
-0.125573
-0.125525
-0.122152
-0.120776
-0.121104
-0.118728
-0.115075
-0.115553
-0.113922
-0.108816
-0.108995
-0.107863
-0.103886
-0.101561
-0.100694
-0.097574
-0.093383
-0.092570
-0.090046
-0.084814
-0.083645
-0.081478
-0.077176
-0.074075
-0.072049
-0.068404
-0.064007
-0.061942
-0.058703
-0.053743
-0.051329
-0.048282
-0.043986
-0.040376
-0.037341
-0.033453
-0.029229
-0.026073
-0.022374
-0.018084
-0.014652
-0.010970
-0.007025
-0.003236
0.000558
0.004373
0.008042
0.012026
0.015880
0.019152
0.023274
0.027286
0.030557
0.034170
0.038405
0.041835
0.044607
0.049083
0.052776
0.054773
0.059191
0.063201
0.065542
0.068636
0.072963
0.075735
0.077351
0.081949
0.085187
0.085767
0.090078
0.093766
0.095006
0.097303
0.101378
0.103288
0.103606
0.107963
0.110506
0.109658
0.113496
0.116590
0.116666
0.117981
0.121505
0.122440
0.121451
0.125253
0.126942
0.124788
0.127861
0.130167
0.129133
0.129387
0.132142
0.132096
0.129910
0.132928
0.133707
0.130487
0.132605
0.134026
0.132041
0.131277
0.133142
0.132203
0.129057
0.131163
0.131068
0.127101
0.128213
0.128751
0.126049
0.124426
0.125387
0.123727
0.119943
0.121121
0.120277
0.115927
0.116104
0.115857
0.112727
0.110488
0.110630
0.108480
0.104424
0.104762
0.103364
0.098997
0.098416
0.097557
0.094299
0.091746
0.091234
0.088850
0.084893
0.084562
0.082839
0.078774
0.077695
0.076443
0.073339
0.070774
0.069829
0.067470
0.063922
0.063147
0.061346
0.057847
0.056530
0.055127
0.052416
0.050093
0.048957
0.046850
0.043931
0.042955
0.041299
0.038534
0.037224
0.035892
0.033736
0.031842
0.030737
0.029044
0.026869
0.025916
0.024570
0.022597
0.021491
0.020400
0.018868
0.017503
0.016600
0.015402
0.013973
0.013210
0.012265
0.011037
0.010253
0.009500
0.008566
0.007732
0.007128
0.006418
0.005638
0.005151
0.004613
0.003994
0.003558
0.003153
0.002710
0.002321
0.002021
0.001711
0.001405
0.001191
0.000982
0.000776
0.000623
0.000491
0.000370
0.000271
0.000197
0.000135
0.000086
0.000053
0.000029
0.000013
0.000005
0.000001
0.000000
-0.000000
-0.000001
-0.000006
-0.000015
-0.000032
-0.000058
-0.000093
-0.000143
-0.000210
-0.000288
-0.000384
-0.000512
-0.000654
-0.000801
-0.001010
-0.001237
-0.001454
-0.001745
-0.002080
-0.002400
-0.002751
-0.003218
-0.003666
-0.004057
-0.004676
-0.005281
-0.005770
-0.006475
-0.007263
-0.007924
-0.008627
-0.009621
-0.010489
-0.011139
-0.012355
-0.013462
-0.014225
-0.015459
-0.016830
-0.017855
-0.018921
-0.020572
-0.021899
-0.022724
-0.024660
-0.026317
-0.027266
-0.029061
-0.031066
-0.032392
-0.033739
-0.036095
-0.037832
-0.038660
-0.041348
-0.043516
-0.044486
-0.046774
-0.049372
-0.050856
-0.052320
-0.055326
-0.057343
-0.057939
-0.061307
-0.063855
-0.064629
-0.067249
-0.070301
-0.071739
-0.073094
-0.076596
-0.078693
-0.078796
-0.082663
-0.085385
-0.085724
-0.088437
-0.091721
-0.092878
-0.093867
-0.097619
-0.099551
-0.098915
-0.103012
-0.105646
-0.105329
-0.107848
-0.111079
-0.111720
-0.112096
-0.115788
-0.117299
-0.115736
-0.119729
-0.121991
-0.120849
-0.122878
-0.125742
-0.125667
-0.125229
-0.128523
-0.129378
-0.126796
-0.130325
-0.131944
-0.129891
-0.131161
-0.133357
-0.132431
-0.131060
-0.133629
-0.133645
-0.130070
-0.132796
-0.133549
-0.130599
-0.130910
-0.132183
-0.130360
-0.128043
-0.129610
-0.128688
-0.124273
-0.125911
-0.125655
-0.121931
-0.121183
-0.121357
-0.118690
-0.115529
-0.115905
-0.114041
-0.109060
-0.109423
-0.108113
-0.103837
-0.102042
-0.101049
-0.097690
-0.093896
-0.093003
-0.090296
-0.085116
-0.084133
-0.081831
-0.077306
-0.074595
-0.072480
-0.068665
-0.064540
-0.062423
-0.059063
-0.054107
-0.051838
-0.048711
-0.044284
-0.040892
-0.037812
-0.033838
-0.029739
-0.026561
-0.022815
-0.018511
-0.015139
-0.011437
-0.007465
-0.003705
0.000098
0.003898
0.007600
0.011573
0.015398
0.018663
0.022852
0.026821
0.030015
0.033788
0.037977
0.041312
0.044271
0.048704
0.052296
0.054218
0.058871
0.062781
0.064945
0.068376
0.072614
0.075211
0.077149
0.081678
0.084750
0.085152
0.089885
0.093426
0.094406
0.097184
0.101137
0.102807
0.103553
0.107820
0.110148
0.108999
0.113445
0.116355
0.116111
0.118010
0.121389
0.122038
0.121547
0.125246
0.126688
0.124138
0.127950
0.130052
0.128663
0.129557
0.132155
0.131798
0.130141
0.133051
0.133569
0.129934
0.132821
0.134032
0.131682
0.131565
0.133273
0.132022
0.129396
0.131397
0.131045
0.126672
0.128528
0.128865
0.125813
0.124801
0.125613
0.123660
0.120354
0.121435
0.120355
0.115633
0.116483
0.116054
0.112610
0.110911
0.110921
0.108513
0.104868
0.105121
0.103519
0.098831
0.098821
0.097807
0.094283
0.092175
0.091553
0.088957
0.085329
0.084928
0.083039
0.078716
0.078087
0.076712
0.073398
0.071174
0.070143
0.067620
0.064315
0.063486
0.061560
0.057868
0.056878
0.055383
0.052520
0.050435
0.049236
0.047011
0.044256
0.043241
0.041497
0.038600
0.037505
0.036110
0.033852
0.032108
0.030960
0.029191
0.027112
0.026133
0.024732
0.022678
0.021694
0.020565
0.018972
0.017686
0.016758
0.015516
0.014134
0.013355
0.012379
0.011108
0.010380
0.009606
0.008641
0.007840
0.007221
0.006490
0.005725
0.005230
0.004677
0.004040
0.003621
0.003206
0.002750
0.002369
0.002063
0.001744
0.001439
0.001221
0.001007
0.000794
0.000643
0.000507
0.000382
0.000283
0.000206
0.000142
0.000091
0.000056
0.000031
0.000014
0.000005
0.000001
0.000000
-0.000000
-0.000001
-0.000005
-0.000013
-0.000029
-0.000054
-0.000087
-0.000137
-0.000201
-0.000277
-0.000372
-0.000497
-0.000634
-0.000781
-0.000987
-0.001208
-0.001417
-0.001713
-0.002041
-0.002350
-0.002709
-0.003167
-0.003603
-0.004005
-0.004615
-0.005205
-0.005672
-0.006405
-0.007176
-0.007811
-0.008547
-0.009524
-0.010363
-0.011050
-0.012250
-0.013326
-0.014041
-0.015348
-0.016688
-0.017661
-0.018805
-0.020427
-0.021699
-0.022604
-0.024515
-0.026118
-0.026980
-0.028918
-0.030872
-0.032108
-0.033600
-0.035910
-0.037558
-0.038526
-0.041178
-0.043260
-0.044092
-0.046619
-0.049140
-0.050487
-0.052181
-0.055122
-0.057008
-0.057816
-0.061134
-0.063562
-0.064138
-0.067108
-0.070054
-0.071303
-0.072984
-0.076399
-0.078320
-0.078711
-0.082517
-0.085081
-0.085161
-0.088340
-0.091489
-0.092404
-0.093814
-0.097460
-0.099172
-0.098899
-0.102923
-0.105364
-0.104731
-0.107824
-0.110895
-0.111247
-0.112127
-0.115697
-0.116952
-0.115813
-0.119725
-0.121767
-0.120264
-0.122950
-0.125637
-0.125238
-0.125365
-0.128527
-0.129100
-0.126980
-0.130426
-0.131809
-0.129369
-0.131344
-0.133354
-0.132088
-0.131309
-0.133743
-0.133470
-0.130367
-0.133009
-0.133526
-0.130187
-0.131206
-0.132296
-0.130139
-0.128400
-0.129839
-0.128639
-0.124673
-0.126235
-0.125758
-0.121670
-0.121579
-0.121588
-0.118617
-0.115977
-0.116240
-0.114131
-0.109540
-0.109839
-0.108339
-0.103753
-0.102515
-0.101385
-0.097775
-0.094405
-0.093423
-0.090521
-0.085642
-0.084612
-0.082167
-0.077408
-0.075110
-0.072897
-0.068904
-0.065071
-0.062895
-0.059408
-0.054638
-0.052342
-0.049129
-0.044565
-0.041407
-0.038276
-0.034212
-0.030248
-0.027047
-0.023249
-0.019003
-0.015625
-0.011902
-0.007900
-0.004176
-0.000383
0.003423
0.007156
0.011116
0.014913
0.018252
0.022426
0.026351
0.029465
0.033403
0.037542
0.040779
0.043931
0.048317
0.051803
0.053924
0.058542
0.062347
0.064330
0.068108
0.072252
0.074667
0.076942
0.081394
0.084292
0.084999
0.089681
0.093065
0.093778
0.097057
0.100878
0.102296
0.103494
0.107661
0.109762
0.108997
0.113380
0.116095
0.115520
0.118030
0.121251
0.121600
0.121637
0.125221
0.126401
0.124249
0.128026
0.129909
0.128151
0.129717
0.132143
0.131462
0.130367
0.133156
0.133397
0.130069
0.133024
0.134009
0.131279
0.131844
0.133380
0.131803
0.129732
0.131613
0.130990
0.126809
0.128831
0.128951
0.125535
0.125168
0.125817
0.123558
0.120763
0.121734
0.120403
0.115760
0.116852
0.116227
0.112455
0.111327
0.111192
0.108515
0.105310
0.105467
0.103649
0.098946
0.099216
0.098037
0.094238
0.092599
0.091858
0.089038
0.085763
0.085283
0.083220
0.078842
0.078472
0.076965
0.073434
0.071570
0.070445
0.067750
0.064708
0.063818
0.061759
0.057995
0.057221
0.055629
0.052606
0.050775
0.049507
0.047160
0.044581
0.043523
0.041687
0.038719
0.037783
0.036322
0.033958
0.032373
0.031179
0.029331
0.027356
0.026348
0.024889
0.022778
0.021896
0.020726
0.019070
0.017870
0.016914
0.015626
0.014295
0.013498
0.012490
0.011182
0.010507
0.009711
0.008714
0.007948
0.007315
0.006561
0.005814
0.005309
0.004741
0.004085
0.003684
0.003259
0.002790
0.002417
0.002104
0.001777
0.001474
0.001251
0.001031
0.000812
0.000663
0.000523
0.000394
0.000294
0.000215
0.000148
0.000096
0.000060
0.000034
0.000016
0.000006
0.000002
0.000000
-0.000000
-0.000001
-0.000004
-0.000012
-0.000027
-0.000051
-0.000082
-0.000130
-0.000193
-0.000265
-0.000360
-0.000481
-0.000615
-0.000762
-0.000963
-0.001179
-0.001381
-0.001680
-0.002001
-0.002300
-0.002667
-0.003117
-0.003540
-0.003953
-0.004554
-0.005129
-0.005574
-0.006334
-0.007088
-0.007697
-0.008467
-0.009426
-0.010236
-0.010961
-0.012144
-0.013188
-0.013854
-0.015236
-0.016543
-0.017463
-0.018688
-0.020279
-0.021495
-0.022483
-0.024367
-0.025913
-0.026686
-0.028773
-0.030672
-0.031816
-0.033460
-0.035721
-0.037276
-0.038390
-0.041002
-0.042995
-0.043686
-0.046460
-0.048898
-0.050104
-0.052039
-0.054910
-0.056659
-0.057690
-0.060954
-0.063254
-0.063628
-0.066961
-0.069794
-0.070847
-0.072868
-0.076190
-0.077927
-0.078624
-0.082360
-0.084758
-0.084571
-0.088235
-0.091240
-0.091904
-0.093755
-0.097285
-0.098768
-0.098879
-0.102821
-0.105060
-0.104100
-0.107790
-0.110689
-0.110742
-0.112152
-0.115588
-0.116574
-0.115885
-0.119705
-0.121516
-0.119640
-0.123010
-0.125507
-0.124772
-0.125493
-0.128509
-0.128788
-0.127161
-0.130509
-0.131645
-0.128803
-0.131514
-0.133324
-0.131706
-0.131550
-0.133835
-0.133259
-0.130661
-0.133206
-0.133473
-0.129731
-0.131489
-0.132383
-0.129879
-0.128750
-0.130046
-0.128556
-0.125070
-0.126542
-0.125831
-0.121366
-0.121965
-0.121795
-0.118507
-0.116419
-0.116557
-0.114190
-0.110018
-0.110241
-0.108540
-0.103631
-0.102980
-0.101701
-0.097830
-0.094910
-0.093828
-0.090722
-0.086168
-0.085080
-0.082483
-0.077482
-0.075619
-0.073300
-0.069122
-0.065600
-0.063358
-0.059735
-0.055170
-0.052840
-0.049536
-0.044828
-0.041920
-0.038733
-0.034573
-0.030758
-0.027529
-0.023675
-0.019497
-0.016110
-0.012363
-0.008329
-0.004648
-0.000854
0.002950
0.006709
0.010658
0.014426
0.017838
0.021996
0.025875
0.028909
0.033012
0.037098
0.040236
0.043586
0.047922
0.051298
0.053626
0.058204
0.061899
0.063696
0.067833
0.071875
0.074102
0.076728
0.081096
0.083814
0.084842
0.089464
0.092683
0.093121
0.096919
0.100599
0.101757
0.103428
0.107484
0.109349
0.108991
0.113300
0.115810
0.114893
0.118038
0.121090
0.121129
0.121720
0.125176
0.126084
0.124390
0.128085
0.129738
0.127599
0.129865
0.132107
0.131090
0.130586
0.133239
0.133193
0.130338
0.133209
0.133957
0.130836
0.132112
0.133461
0.131547
0.130060
0.131808
0.130901
0.127176
0.129118
0.129009
0.125218
0.125524
0.125998
0.123421
0.121166
0.122014
0.120422
0.116187
0.117207
0.116375
0.112265
0.111734
0.111444
0.108486
0.105747
0.105797
0.103752
0.099394
0.099601
0.098246
0.094161
0.093017
0.092146
0.089094
0.086195
0.085627
0.083379
0.079271
0.078850
0.077202
0.073446
0.071963
0.070737
0.067861
0.065099
0.064141
0.061943
0.058372
0.057559
0.055863
0.052675
0.051113
0.049771
0.047295
0.044906
0.043800
0.041866
0.039022
0.038059
0.036527
0.034053
0.032637
0.031394
0.029462
0.027601
0.026561
0.025040
0.022998
0.022097
0.020884
0.019162
0.018053
0.017067
0.015732
0.014457
0.013641
0.012599
0.011321
0.010634
0.009814
0.008784
0.008056
0.007407
0.006630
0.005903
0.005388
0.004804
0.004155
0.003748
0.003312
0.002830
0.002466
0.002146
0.001810
0.001509
0.001282
0.001056
0.000836
0.000683
0.000540
0.000406
0.000306
0.000225
0.000155
0.000102
0.000064
0.000036
0.000018
0.000007
0.000002
0.000000
-0.000000
-0.000001
-0.000004
-0.000011
-0.000025
-0.000047
-0.000078
-0.000124
-0.000184
-0.000254
-0.000348
-0.000466
-0.000596
-0.000743
-0.000940
-0.001150
-0.001351
-0.001648
-0.001962
-0.002250
-0.002626
-0.003067
-0.003476
-0.003902
-0.004493
-0.005052
-0.005500
-0.006262
-0.006999
-0.007582
-0.008386
-0.009327
-0.010107
-0.010871
-0.012037
-0.013048
-0.013719
-0.015123
-0.016396
-0.017261
-0.018570
-0.020128
-0.021286
-0.022362
-0.024216
-0.025703
-0.026478
-0.028626
-0.030467
-0.031517
-0.033318
-0.035525
-0.036985
-0.038253
-0.040821
-0.042721
-0.043396
-0.046296
-0.048648
-0.049709
-0.051894
-0.054688
-0.056297
-0.057561
-0.060765
-0.062933
-0.063254
-0.066806
-0.069520
-0.070371
-0.072747
-0.075968
-0.077514
-0.078533
-0.082192
-0.084416
-0.084120
-0.088119
-0.090972
-0.091377
-0.093689
-0.097094
-0.098338
-0.098855
-0.102704
-0.104730
-0.103588
-0.107743
-0.110462
-0.110204
-0.112168
-0.115459
-0.116166
-0.115954
-0.119669
-0.121236
-0.119092
-0.123058
-0.125351
-0.124268
-0.125612
-0.128470
-0.128442
-0.127337
-0.130575
-0.131449
-0.128256
-0.131671
-0.133268
-0.131283
-0.131782
-0.133904
-0.133013
-0.130949
-0.133385
-0.133388
-0.129230
-0.131759
-0.132443
-0.129578
-0.129092
-0.130232
-0.128438
-0.125463
-0.126833
-0.125874
-0.121019
-0.122338
-0.121977
-0.118360
-0.116854
-0.116853
-0.114217
-0.110493
-0.110628
-0.108715
-0.103471
-0.103434
-0.101997
-0.097853
-0.095410
-0.094218
-0.090896
-0.086692
-0.085538
-0.082780
-0.077526
-0.076122
-0.073688
-0.069315
-0.066126
-0.063811
-0.060045
-0.055702
-0.053332
-0.049930
-0.045072
-0.042429
-0.039182
-0.034921
-0.031267
-0.028006
-0.024094
-0.019992
-0.016595
-0.012821
-0.008752
-0.005122
-0.001324
0.002478
0.006261
0.010196
0.013936
0.017422
0.021561
0.025394
0.028346
0.032617
0.036647
0.039683
0.043237
0.047518
0.050781
0.053325
0.057857
0.061438
0.063044
0.067549
0.071484
0.073517
0.076508
0.080783
0.083314
0.084680
0.089235
0.092281
0.092435
0.096770
0.100299
0.101189
0.103354
0.107289
0.108908
0.108980
0.113205
0.115498
0.114228
0.118034
0.120905
0.120622
0.121794
0.125110
0.125733
0.124526
0.128127
0.129537
0.127004
0.129999
0.132045
0.130678
0.130795
0.133301
0.132953
0.130603
0.133377
0.133874
0.130348
0.132367
0.133517
0.131251
0.130380
0.131983
0.130779
0.127541
0.129389
0.129038
0.124857
0.125869
0.126155
0.123247
0.121562
0.122275
0.120409
0.116614
0.117548
0.116497
0.112036
0.112131
0.111675
0.108424
0.106179
0.106112
0.103829
0.099841
0.099975
0.098433
0.094051
0.093428
0.092418
0.089122
0.086623
0.085959
0.083517
0.079699
0.079219
0.077423
0.073431
0.072351
0.071015
0.067951
0.065488
0.064456
0.062112
0.058750
0.057892
0.056085
0.052725
0.051447
0.050027
0.047416
0.045231
0.044071
0.042035
0.039327
0.038331
0.036724
0.034135
0.032899
0.031604
0.029585
0.027845
0.026770
0.025185
0.023219
0.022297
0.021038
0.019248
0.018237
0.017219
0.015834
0.014620
0.013783
0.012705
0.011461
0.010760
0.009916
0.008852
0.008165
0.007499
0.006698
0.005993
0.005467
0.004866
0.004227
0.003812
0.003365
0.002868
0.002515
0.002188
0.001842
0.001545
0.001312
0.001080
0.000860
0.000703
0.000556
0.000419
0.000318
0.000234
0.000162
0.000108
0.000068
0.000039
0.000019
0.000008
0.000002
0.000000
-0.000000
-0.000000
-0.000003
-0.000010
-0.000023
-0.000044
-0.000073
-0.000118
-0.000176
-0.000244
-0.000336
-0.000451
-0.000577
-0.000724
-0.000917
-0.001121
-0.001324
-0.001616
-0.001922
-0.002201
-0.002584
-0.003016
-0.003413
-0.003850
-0.004432
-0.004975
-0.005438
-0.006191
-0.006910
-0.007466
-0.008305
-0.009227
-0.009976
-0.010782
-0.011929
-0.012906
-0.013621
-0.015008
-0.016246
-0.017056
-0.018451
-0.019974
-0.021073
-0.022240
-0.024063
-0.025488
-0.026352
-0.028475
-0.030257
-0.031209
-0.033172
-0.035324
-0.036686
-0.038114
-0.040634
-0.042438
-0.043263
-0.046127
-0.048388
-0.049300
-0.051744
-0.054457
-0.055920
-0.057430
-0.060567
-0.062597
-0.063139
-0.066644
-0.069232
-0.069875
-0.072620
-0.075733
-0.077082
-0.078438
-0.082012
-0.084054
-0.084052
-0.087994
-0.090686
-0.090823
-0.093615
-0.096886
-0.097882
-0.098827
-0.102573
-0.104376
-0.103595
-0.107684
-0.110211
-0.109632
-0.112175
-0.115309
-0.115726
-0.116016
-0.119615
-0.120927
-0.119197
-0.123091
-0.125169
-0.123726
-0.125721
-0.128407
-0.128060
-0.127507
-0.130621
-0.131220
-0.128472
-0.131812
-0.133183
-0.130818
-0.132003
-0.133949
-0.132728
-0.131232
-0.133544
-0.133271
-0.129556
-0.132014
-0.132475
-0.129235
-0.129423
-0.130394
-0.128282
-0.125850
-0.127105
-0.125886
-0.121384
-0.122698
-0.122132
-0.118173
-0.117280
-0.117130
-0.114210
-0.110964
-0.111000
-0.108862
-0.103867
-0.103878
-0.102271
-0.097842
-0.095903
-0.094591
-0.091044
-0.087213
-0.085985
-0.083055
-0.077945
-0.076617
-0.074061
-0.069484
-0.066649
-0.064253
-0.060336
-0.056233
-0.053817
-0.050311
-0.045510
-0.042936
-0.039623
-0.035256
-0.031776
-0.028480
-0.024504
-0.020489
-0.017078
-0.013276
-0.009206
-0.005596
-0.001795
0.002008
0.005809
0.009732
0.013444
0.017003
0.021122
0.024907
0.027877
0.032216
0.036189
0.039120
0.042882
0.047105
0.050251
0.053020
0.057501
0.060962
0.062555
0.067257
0.071077
0.072911
0.076281
0.080457
0.082792
0.084514
0.088992
0.091856
0.091927
0.096610
0.099979
0.100591
0.103271
0.107075
0.108437
0.108964
0.113093
0.115158
0.113708
0.118016
0.120694
0.120078
0.121858
0.125022
0.125347
0.124657
0.128151
0.129305
0.126478
0.130120
0.131955
0.130226
0.130996
0.133340
0.132677
0.130864
0.133527
0.133759
0.129827
0.132608
0.133546
0.130915
0.130692
0.132135
0.130620
0.127902
0.129643
0.129036
0.124453
0.126201
0.126287
0.123034
0.121951
0.122516
0.120363
0.117037
0.117874
0.116591
0.111767
0.112519
0.111884
0.108328
0.106605
0.106410
0.103878
0.100286
0.100337
0.098598
0.093908
0.093832
0.092672
0.089123
0.087048
0.086277
0.083633
0.080127
0.079579
0.077626
0.073391
0.072733
0.071280
0.068021
0.065875
0.064762
0.062264
0.059128
0.058218
0.056295
0.052757
0.051779
0.050273
0.047523
0.045554
0.044336
0.042193
0.039632
0.038600
0.036914
0.034206
0.033160
0.031808
0.029698
0.028090
0.026977
0.025324
0.023442
0.022496
0.021187
0.019327
0.018420
0.017368
0.015931
0.014783
0.013923
0.012808
0.011602
0.010887
0.010017
0.008916
0.008274
0.007591
0.006764
0.006084
0.005545
0.004927
0.004299
0.003876
0.003418
0.002906
0.002565
0.002230
0.001875
0.001581
0.001343
0.001105
0.000884
0.000724
0.000573
0.000431
0.000331
0.000244
0.000169
0.000114
0.000073
0.000042
0.000021
0.000009
0.000003
0.000000
0.000000
-0.000000
-0.000003
-0.000009
-0.000021
-0.000041
-0.000069
-0.000112
-0.000168
-0.000233
-0.000325
-0.000437
-0.000558
-0.000706
-0.000895
-0.001093
-0.001297
-0.001585
-0.001883
-0.002151
-0.002543
-0.002966
-0.003349
-0.003799
-0.004371
-0.004898
-0.005377
-0.006119
-0.006820
-0.007349
-0.008224
-0.009126
-0.009843
-0.010692
-0.011819
-0.012761
-0.013523
-0.014892
-0.016093
-0.016847
-0.018331
-0.019817
-0.020855
-0.022116
-0.023905
-0.025268
-0.026227
-0.028321
-0.030040
-0.030894
-0.033024
-0.035117
-0.036378
-0.037973
-0.040442
-0.042145
-0.043128
-0.045952
-0.048118
-0.048876
-0.051589
-0.054216
-0.055528
-0.057295
-0.060360
-0.062246
-0.063022
-0.066473
-0.068930
-0.069359
-0.072486
-0.075484
-0.076628
-0.078339
-0.081819
-0.083671
-0.083982
-0.087857
-0.090380
-0.090241
-0.093532
-0.096659
-0.097399
-0.098792
-0.102425
-0.103996
-0.103600
-0.107612
-0.109936
-0.109026
-0.112171
-0.115138
-0.115253
-0.116071
-0.119542
-0.120588
-0.119299
-0.123108
-0.124959
-0.123144
-0.125818
-0.128320
-0.127641
-0.127670
-0.130647
-0.130959
-0.128685
-0.131938
-0.133069
-0.130311
-0.132212
-0.133969
-0.132405
-0.131508
-0.133683
-0.133118
-0.129880
-0.132253
-0.132477
-0.128849
-0.129744
-0.130532
-0.128089
-0.126232
-0.127358
-0.125865
-0.121806
-0.123044
-0.122261
-0.117946
-0.117697
-0.117384
-0.114170
-0.111430
-0.111356
-0.108981
-0.104362
-0.104311
-0.102522
-0.097798
-0.096389
-0.094947
-0.091164
-0.087731
-0.086419
-0.083308
-0.078477
-0.077104
-0.074417
-0.069628
-0.067167
-0.064683
-0.060608
-0.056763
-0.054295
-0.050678
-0.046036
-0.043438
-0.040055
-0.035576
-0.032283
-0.028949
-0.024905
-0.020986
-0.017560
-0.013725
-0.009682
-0.006071
-0.002265
0.001540
0.005356
0.009266
0.012950
0.016582
0.020679
0.024415
0.027492
0.031810
0.035723
0.038547
0.042523
0.046682
0.049708
0.052710
0.057136
0.060471
0.062294
0.066955
0.070656
0.072283
0.076045
0.080115
0.082248
0.084342
0.088735
0.091409
0.091811
0.096438
0.099638
0.099962
0.103178
0.106841
0.107936
0.108942
0.112964
0.114790
0.113743
0.117984
0.120458
0.119496
0.121912
0.124911
0.124927
0.124782
0.128155
0.129041
0.126656
0.130226
0.131838
0.129733
0.131185
0.133355
0.132363
0.131119
0.133657
0.133612
0.130126
0.132834
0.133547
0.130536
0.130994
0.132264
0.130425
0.128257
0.129878
0.129002
0.124754
0.126520
0.126392
0.122781
0.122331
0.122736
0.120282
0.117456
0.118184
0.116658
0.112038
0.112895
0.112070
0.108197
0.107025
0.106689
0.103897
0.100728
0.100686
0.098738
0.094150
0.094226
0.092907
0.089095
0.087467
0.086581
0.083725
0.080553
0.079930
0.077810
0.073614
0.073109
0.071531
0.068068
0.066259
0.065057
0.062398
0.059505
0.058538
0.056492
0.052951
0.052106
0.050510
0.047614
0.045876
0.044595
0.042339
0.039938
0.038865
0.037095
0.034365
0.033419
0.032007
0.029803
0.028334
0.027180
0.025456
0.023664
0.022692
0.021333
0.019446
0.018602
0.017515
0.016023
0.014946
0.014062
0.012908
0.011743
0.011013
0.010115
0.008995
0.008384
0.007682
0.006829
0.006175
0.005624
0.004988
0.004372
0.003941
0.003470
0.002948
0.002616
0.002272
0.001907
0.001618
0.001375
0.001130
0.000909
0.000746
0.000590
0.000444
0.000343
0.000254
0.000177
0.000120
0.000077
0.000045
0.000023
0.000010
0.000003
0.000000
0.000000
-0.000000
-0.000002
-0.000008
-0.000019
-0.000038
-0.000065
-0.000107
-0.000160
-0.000223
-0.000314
-0.000422
-0.000540
-0.000688
-0.000872
-0.001065
-0.001271
-0.001553
-0.001844
-0.002102
-0.002501
-0.002915
-0.003286
-0.003748
-0.004309
-0.004820
-0.005316
-0.006047
-0.006729
-0.007230
-0.008142
-0.009024
-0.009709
-0.010602
-0.011708
-0.012615
-0.013425
-0.014774
-0.015938
-0.016633
-0.018209
-0.019658
-0.020633
-0.021992
-0.023745
-0.025043
-0.026100
-0.028164
-0.029818
-0.030570
-0.032873
-0.034904
-0.036060
-0.037830
-0.040243
-0.041843
-0.042992
-0.045771
-0.047838
-0.048439
-0.051429
-0.053966
-0.055122
-0.057157
-0.060144
-0.061881
-0.062902
-0.066294
-0.068613
-0.068821
-0.072345
-0.075220
-0.076154
-0.078234
-0.081613
-0.083268
-0.083908
-0.087709
-0.090055
-0.089631
-0.093440
-0.096414
-0.096888
-0.098750
-0.102261
-0.103590
-0.103601
-0.107525
-0.109636
-0.108384
-0.112156
-0.114944
-0.114746
-0.116119
-0.119450
-0.120217
-0.119397
-0.123110
-0.124721
-0.122521
-0.125902
-0.128209
-0.127184
-0.127825
-0.130652
-0.130662
-0.128893
-0.132046
-0.132924
-0.129759
-0.132409
-0.133963
-0.132042
-0.131776
-0.133799
-0.132931
-0.130200
-0.132475
-0.132449
-0.128419
-0.130052
-0.130645
-0.127857
-0.126606
-0.127590
-0.125810
-0.122226
-0.123375
-0.122361
-0.117678
-0.118103
-0.117615
-0.114094
-0.111890
-0.111693
-0.109071
-0.104855
-0.104730
-0.102749
-0.097718
-0.096866
-0.095284
-0.091255
-0.088245
-0.086839
-0.083538
-0.079008
-0.077582
-0.074755
-0.069746
-0.067680
-0.065100
-0.060860
-0.057291
-0.054765
-0.051031
-0.046563
-0.043937
-0.040477
-0.035881
-0.032789
-0.029412
-0.025296
-0.021484
-0.018039
-0.014170
-0.010159
-0.006546
-0.002734
0.001075
0.004900
0.008798
0.012454
0.016157
0.020232
0.023918
0.027105
0.031399
0.035248
0.037964
0.042157
0.046250
0.049152
0.052395
0.056760
0.059966
0.062029
0.066644
0.070218
0.071634
0.075802
0.079757
0.081681
0.084163
0.088463
0.090939
0.091690
0.096252
0.099273
0.099301
0.103075
0.106586
0.107405
0.108912
0.112816
0.114393
0.113775
0.117937
0.120194
0.118876
0.121954
0.124777
0.124471
0.124899
0.128139
0.128743
0.126831
0.130315
0.131690
0.129197
0.131363
0.133344
0.132011
0.131366
0.133767
0.133430
0.130422
0.133045
0.133518
0.130115
0.131284
0.132368
0.130192
0.128606
0.130094
0.128936
0.125140
0.126825
0.126470
0.122488
0.122702
0.122933
0.120167
0.117870
0.118477
0.116694
0.112475
0.113259
0.112232
0.108030
0.107437
0.106950
0.103885
0.101166
0.101020
0.098854
0.094596
0.094611
0.093122
0.089037
0.087881
0.086870
0.083792
0.080977
0.080269
0.077975
0.074032
0.073478
0.071768
0.068092
0.066640
0.065342
0.062514
0.059882
0.058850
0.056674
0.053312
0.052430
0.050737
0.047689
0.046195
0.044846
0.042474
0.040243
0.039126
0.037267
0.034648
0.033676
0.032200
0.029897
0.028578
0.027379
0.025581
0.023888
0.022886
0.021473
0.019645
0.018784
0.017658
0.016110
0.015110
0.014200
0.013005
0.011886
0.011138
0.010212
0.009115
0.008493
0.007771
0.006891
0.006267
0.005703
0.005047
0.004445
0.004006
0.003522
0.003004
0.002666
0.002314
0.001938
0.001655
0.001406
0.001154
0.000935
0.000767
0.000607
0.000460
0.000356
0.000264
0.000184
0.000126
0.000082
0.000048
0.000025
0.000012
0.000004
0.000001
0.000000
-0.000000
-0.000002
-0.000007
-0.000017
-0.000035
-0.000061
-0.000101
-0.000153
-0.000214
-0.000303
-0.000408
-0.000521
-0.000670
-0.000850
-0.001037
-0.001245
-0.001521
-0.001805
-0.002066
-0.002460
-0.002865
-0.003222
-0.003697
-0.004247
-0.004742
-0.005255
-0.005974
-0.006637
-0.007152
-0.008060
-0.008921
-0.009574
-0.010511
-0.011595
-0.012466
-0.013327
-0.014655
-0.015780
-0.016503
-0.018085
-0.019494
-0.020406
-0.021866
-0.023581
-0.024812
-0.025973
-0.028003
-0.029590
-0.030381
-0.032718
-0.034685
-0.035734
-0.037683
-0.040037
-0.041530
-0.042854
-0.045585
-0.047548
-0.048191
-0.051263
-0.053704
-0.054701
-0.057013
-0.059917
-0.061500
-0.062780
-0.066106
-0.068280
-0.068517
-0.072196
-0.074942
-0.075657
-0.078123
-0.081393
-0.082843
-0.083831
-0.087549
-0.089708
-0.089279
-0.093337
-0.096149
-0.096348
-0.098701
-0.102079
-0.103156
-0.103597
-0.107424
-0.109311
-0.108000
-0.112129
-0.114727
-0.114205
-0.116157
-0.119337
-0.119814
-0.119491
-0.123094
-0.124454
-0.122127
-0.125973
-0.128070
-0.126689
-0.127970
-0.130634
-0.130331
-0.129097
-0.132136
-0.132747
-0.129385
-0.132591
-0.133929
-0.131638
-0.132034
-0.133893
-0.132707
-0.130516
-0.132679
-0.132389
-0.128101
-0.130346
-0.130730
-0.127584
-0.126971
-0.127800
-0.125720
-0.122641
-0.123688
-0.122432
-0.117453
-0.118497
-0.117822
-0.113981
-0.112343
-0.112012
-0.109129
-0.105345
-0.105136
-0.102951
-0.097625
-0.097335
-0.095602
-0.091315
-0.088754
-0.087245
-0.083744
-0.079537
-0.078051
-0.075075
-0.069835
-0.068187
-0.065505
-0.061091
-0.057816
-0.055226
-0.051368
-0.047090
-0.044430
-0.040888
-0.036170
-0.033294
-0.029869
-0.025677
-0.021982
-0.018517
-0.014609
-0.010639
-0.007022
-0.003202
0.000613
0.004443
0.008328
0.011957
0.015729
0.019780
0.023416
0.026714
0.030982
0.034767
0.037372
0.041786
0.045809
0.048584
0.052075
0.056374
0.059445
0.061761
0.066323
0.069765
0.070963
0.075549
0.079383
0.081091
0.083977
0.088175
0.090446
0.091566
0.096053
0.098886
0.098609
0.102960
0.106310
0.106842
0.108874
0.112649
0.113965
0.113801
0.117873
0.119903
0.118217
0.121983
0.124617
0.123977
0.125007
0.128102
0.128412
0.127001
0.130387
0.131513
0.128618
0.131528
0.133307
0.131619
0.131605
0.133854
0.133212
0.130715
0.133238
0.133458
0.129649
0.131563
0.132446
0.129919
0.128948
0.130289
0.128835
0.125523
0.127114
0.126518
0.122153
0.123062
0.123107
0.120015
0.118278
0.118751
0.116699
0.112909
0.113609
0.112368
0.107825
0.107840
0.107190
0.103843
0.101600
0.101339
0.098944
0.095042
0.094985
0.093317
0.088948
0.088288
0.087144
0.083834
0.081397
0.080597
0.078119
0.074450
0.073839
0.071988
0.068092
0.067015
0.065614
0.062611
0.060256
0.059155
0.056842
0.053673
0.052748
0.050953
0.047747
0.046513
0.045090
0.042595
0.040548
0.039381
0.037430
0.034932
0.033931
0.032387
0.029981
0.028820
0.027574
0.025699
0.024112
0.023078
0.021608
0.019845
0.018964
0.017799
0.016191
0.015274
0.014336
0.013098
0.012029
0.011263
0.010306
0.009236
0.008603
0.007860
0.006951
0.006359
0.005781
0.005106
0.004520
0.004071
0.003574
0.003062
0.002717
0.002357
0.001970
0.001693
0.001438
0.001179
0.000961
0.000789
0.000625
0.000476
0.000370
0.000275
0.000192
0.000133
0.000087
0.000052
0.000028
0.000013
0.000005
0.000001
0.000000
-0.000000
-0.000001
-0.000006
-0.000016
-0.000032
-0.000058
-0.000096
-0.000145
-0.000206
-0.000292
-0.000394
-0.000504
-0.000652
-0.000828
-0.001009
-0.001219
-0.001490
-0.001766
-0.002031
-0.002419
-0.002814
-0.003158
-0.003646
-0.004185
-0.004663
-0.005193
-0.005901
-0.006545
-0.007081
-0.007977
-0.008816
-0.009436
-0.010420
-0.011481
-0.012315
-0.013228
-0.014534
-0.015619
-0.016397
-0.017960
-0.019328
-0.020175
-0.021738
-0.023413
-0.024576
-0.025844
-0.027838
-0.029356
-0.030252
-0.032560
-0.034459
-0.035398
-0.037534
-0.039825
-0.041208
-0.042714
-0.045391
-0.047247
-0.048060
-0.051092
-0.053433
-0.054265
-0.056865
-0.059680
-0.061103
-0.062654
-0.065907
-0.067931
-0.068410
-0.072038
-0.074648
-0.075139
-0.078005
-0.081158
-0.082397
-0.083749
-0.087375
-0.089340
-0.089228
-0.093223
-0.095865
-0.095780
-0.098643
-0.101878
-0.102694
-0.103588
-0.107306
-0.108959
-0.108030
-0.112088
-0.114486
-0.113629
-0.116186
-0.119202
-0.119377
-0.119578
-0.123060
-0.124155
-0.122259
-0.126030
-0.127905
-0.126153
-0.128104
-0.130592
-0.129962
-0.129294
-0.132206
-0.132537
-0.129629
-0.132758
-0.133866
-0.131192
-0.132281
-0.133962
-0.132445
-0.130825
-0.132863
-0.132295
-0.128453
-0.130626
-0.130787
-0.127270
-0.127326
-0.127988
-0.125594
-0.123051
-0.123984
-0.122472
-0.117898
-0.118879
-0.118004
-0.113830
-0.112788
-0.112311
-0.109155
-0.105832
-0.105526
-0.103127
-0.098134
-0.097793
-0.095898
-0.091344
-0.089258
-0.087635
-0.083924
-0.080065
-0.078508
-0.075376
-0.070353
-0.068688
-0.065895
-0.061299
-0.058339
-0.055678
-0.051689
-0.047616
-0.044918
-0.041289
-0.036660
-0.033795
-0.030320
-0.026047
-0.022480
-0.018991
-0.015043
-0.011119
-0.007498
-0.003668
0.000158
0.003983
0.007856
0.011458
0.015299
0.019324
0.022909
0.026320
0.030559
0.034277
0.036947
0.041409
0.045358
0.048002
0.051749
0.055978
0.058910
0.061488
0.065991
0.069295
0.070561
0.075286
0.078992
0.080477
0.083784
0.087872
0.089928
0.091436
0.095839
0.098476
0.098225
0.102833
0.106011
0.106246
0.108827
0.112462
0.113507
0.113822
0.117792
0.119583
0.117848
0.121998
0.124431
0.123446
0.125106
0.128042
0.128046
0.127166
0.130440
0.131304
0.128254
0.131678
0.133243
0.131187
0.131834
0.133919
0.132958
0.131003
0.133413
0.133366
0.129296
0.131827
0.132498
0.129605
0.129281
0.130462
0.128699
0.125902
0.127386
0.126537
0.121826
0.123409
0.123256
0.119826
0.118679
0.119006
0.116673
0.113341
0.113945
0.112477
0.107582
0.108233
0.107409
0.103767
0.102029
0.101642
0.099007
0.095485
0.095347
0.093490
0.088826
0.088687
0.087400
0.083850
0.081815
0.080913
0.078242
0.074868
0.074191
0.072192
0.068068
0.067386
0.065875
0.062689
0.060629
0.059450
0.056995
0.054034
0.053060
0.051157
0.047788
0.046827
0.045326
0.042703
0.040852
0.039632
0.037583
0.035217
0.034182
0.032566
0.030053
0.029061
0.027764
0.025809
0.024335
0.023268
0.021738
0.020046
0.019144
0.017936
0.016267
0.015437
0.014470
0.013187
0.012172
0.011387
0.010399
0.009358
0.008712
0.007947
0.007009
0.006451
0.005858
0.005163
0.004595
0.004136
0.003625
0.003120
0.002769
0.002399
0.002001
0.001731
0.001470
0.001204
0.000987
0.000811
0.000642
0.000492
0.000383
0.000285
0.000199
0.000140
0.000092
0.000055
0.000030
0.000015
0.000005
0.000001
0.000000
-0.000000
-0.000001
-0.000005
-0.000014
-0.000030
-0.000054
-0.000091
-0.000138
-0.000198
-0.000281
-0.000381
-0.000486
-0.000634
-0.000806
-0.000981
-0.001193
-0.001459
-0.001727
-0.001996
-0.002378
-0.002764
-0.003094
-0.003595
-0.004123
-0.004584
-0.005132
-0.005828
-0.006452
-0.007010
-0.007894
-0.008711
-0.009297
-0.010328
-0.011366
-0.012162
-0.013128
-0.014411
-0.015455
-0.016290
-0.017833
-0.019158
-0.019938
-0.021609
-0.023242
-0.024334
-0.025714
-0.027670
-0.029115
-0.030122
-0.032398
-0.034226
-0.035053
-0.037381
-0.039607
-0.040875
-0.042572
-0.045191
-0.046936
-0.047927
-0.050914
-0.053150
-0.053813
-0.056712
-0.059432
-0.060690
-0.062525
-0.065699
-0.067566
-0.068302
-0.071872
-0.074339
-0.074598
-0.077879
-0.080909
-0.081928
-0.083662
-0.087188
-0.088951
-0.089173
-0.093098
-0.095559
-0.095181
-0.098576
-0.101659
-0.102203
-0.103573
-0.107171
-0.108580
-0.108057
-0.112034
-0.114219
-0.113017
-0.116204
-0.119045
-0.118907
-0.119657
-0.123006
-0.123826
-0.122388
-0.126070
-0.127711
-0.125577
-0.128226
-0.130525
-0.129556
-0.129484
-0.132255
-0.132294
-0.129870
-0.132909
-0.133774
-0.130702
-0.132517
-0.134007
-0.132143
-0.131128
-0.133027
-0.132168
-0.128803
-0.130890
-0.130815
-0.126912
-0.127671
-0.128151
-0.125430
-0.123455
-0.124260
-0.122479
-0.118341
-0.119246
-0.118159
-0.113640
-0.113223
-0.112588
-0.109148
-0.106313
-0.105901
-0.103275
-0.098642
-0.098240
-0.096174
-0.091341
-0.089754
-0.088010
-0.084079
-0.080589
-0.078955
-0.075656
-0.070887
-0.069181
-0.066270
-0.061485
-0.058858
-0.056120
-0.051993
-0.048142
-0.045399
-0.041678
-0.037178
-0.034294
-0.030764
-0.026405
-0.022977
-0.019462
-0.015470
-0.011602
-0.007974
-0.004132
-0.000299
0.003521
0.007382
0.010959
0.014865
0.018865
0.022397
0.025923
0.030132
0.033779
0.036591
0.041025
0.044897
0.047407
0.051418
0.055570
0.058359
0.061210
0.065648
0.068808
0.070335
0.075014
0.078584
0.079838
0.083582
0.087551
0.089385
0.091300
0.095610
0.098040
0.098146
0.102693
0.105689
0.105617
0.108770
0.112254
0.113016
0.113837
0.117693
0.119233
0.117921
0.121999
0.124218
0.122873
0.125194
0.127959
0.127642
0.127326
0.130474
0.131061
0.128466
0.131814
0.133150
0.130710
0.132054
0.133960
0.132665
0.131287
0.133569
0.133241
0.129622
0.132078
0.132520
0.129248
0.129605
0.130611
0.128525
0.126278
0.127640
0.126523
0.122231
0.123745
0.123378
0.119595
0.119072
0.119240
0.116612
0.113770
0.114265
0.112559
0.107987
0.108616
0.107606
0.103656
0.102452
0.101928
0.099041
0.095926
0.095697
0.093640
0.089182
0.089078
0.087638
0.083838
0.082227
0.081215
0.078343
0.075284
0.074535
0.072379
0.068374
0.067751
0.066122
0.062746
0.060998
0.059737
0.057132
0.054394
0.053367
0.051350
0.048037
0.047138
0.045554
0.042797
0.041155
0.039876
0.037726
0.035502
0.034429
0.032738
0.030242
0.029301
0.027950
0.025910
0.024559
0.023454
0.021862
0.020248
0.019322
0.018069
0.016397
0.015600
0.014602
0.013273
0.012316
0.011510
0.010488
0.009481
0.008821
0.008034
0.007087
0.006544
0.005935
0.005218
0.004670
0.004201
0.003675
0.003178
0.002821
0.002441
0.002036
0.001770
0.001502
0.001228
0.001014
0.000834
0.000660
0.000509
0.000397
0.000296
0.000208
0.000147
0.000097
0.000059
0.000033
0.000016
0.000006
0.000001
0.000000
-0.000000
-0.000001
-0.000004
-0.000013
-0.000027
-0.000051
-0.000086
-0.000131
-0.000190
-0.000271
-0.000367
-0.000469
-0.000617
-0.000784
-0.000954
-0.001168
-0.001428
-0.001689
-0.001962
-0.002337
-0.002713
-0.003032
-0.003544
-0.004060
-0.004505
-0.005072
-0.005755
-0.006358
-0.006939
-0.007811
-0.008604
-0.009159
-0.010235
-0.011249
-0.012006
-0.013028
-0.014287
-0.015288
-0.016184
-0.017704
-0.018985
-0.019697
-0.021477
-0.023067
-0.024087
-0.025583
-0.027497
-0.028868
-0.029991
-0.032232
-0.033987
-0.034698
-0.037224
-0.039381
-0.040532
-0.042426
-0.044984
-0.046613
-0.047792
-0.050730
-0.052856
-0.053345
-0.056553
-0.059173
-0.060261
-0.062391
-0.065480
-0.067185
-0.068191
-0.071695
-0.074013
-0.074034
-0.077746
-0.080644
-0.081436
-0.083569
-0.086986
-0.088539
-0.089115
-0.092960
-0.095232
-0.094553
-0.098498
-0.101420
-0.101683
-0.103550
-0.107018
-0.108173
-0.108080
-0.111964
-0.113926
-0.112368
-0.116210
-0.118865
-0.118402
-0.119729
-0.122932
-0.123464
-0.122512
-0.126094
-0.127488
-0.124959
-0.128336
-0.130433
-0.129111
-0.129665
-0.132282
-0.132015
-0.130106
-0.133042
-0.133650
-0.130168
-0.132740
-0.134024
-0.131802
-0.131422
-0.133168
-0.132005
-0.129149
-0.131137
-0.130813
-0.126511
-0.128003
-0.128288
-0.125228
-0.123852
-0.124516
-0.122454
-0.118782
-0.119598
-0.118286
-0.113409
-0.113648
-0.112844
-0.109107
-0.106789
-0.106259
-0.103395
-0.099148
-0.098675
-0.096426
-0.091304
-0.090243
-0.088366
-0.084206
-0.081110
-0.079388
-0.075915
-0.071421
-0.069667
-0.066630
-0.061647
-0.059372
-0.056550
-0.052279
-0.048666
-0.045874
-0.042055
-0.037696
-0.034790
-0.031200
-0.026751
-0.023475
-0.019930
-0.015890
-0.012085
-0.008449
-0.004593
-0.000758
0.003058
0.006908
0.010460
0.014428
0.018401
0.021880
0.025523
0.029698
0.033274
0.036231
0.040635
0.044427
0.046800
0.051079
0.055152
0.057792
0.060927
0.065294
0.068304
0.070105
0.074730
0.078158
0.079176
0.083371
0.087214
0.088818
0.091158
0.095364
0.097580
0.098064
0.102539
0.105344
0.104956
0.108701
0.112024
0.112494
0.113844
0.117575
0.118853
0.117989
0.121984
0.123978
0.122262
0.125270
0.127851
0.127202
0.127476
0.130487
0.130785
0.128674
0.131933
0.133027
0.130192
0.132260
0.133974
0.132334
0.131561
0.133703
0.133081
0.129944
0.132312
0.132514
0.128849
0.129917
0.130737
0.128314
0.126646
0.127874
0.126478
0.122633
0.124065
0.123474
0.119326
0.119455
0.119451
0.116517
0.114194
0.114568
0.112612
0.108429
0.108986
0.107780
0.103511
0.102866
0.102195
0.099046
0.096364
0.096033
0.093766
0.089625
0.089460
0.087858
0.083797
0.082634
0.081503
0.078421
0.075698
0.074868
0.072547
0.068780
0.068109
0.066356
0.062782
0.061365
0.060013
0.057252
0.054754
0.053667
0.051530
0.048379
0.047445
0.045772
0.042877
0.041456
0.040115
0.037858
0.035787
0.034673
0.032902
0.030504
0.029539
0.028130
0.026003
0.024782
0.023638
0.021980
0.020451
0.019498
0.018198
0.016576
0.015763
0.014731
0.013354
0.012461
0.011632
0.010575
0.009604
0.008930
0.008118
0.007189
0.006637
0.006012
0.005273
0.004746
0.004266
0.003725
0.003238
0.002873
0.002483
0.002080
0.001809
0.001535
0.001253
0.001041
0.000856
0.000677
0.000526
0.000411
0.000307
0.000217
0.000154
0.000103
0.000062
0.000036
0.000018
0.000007
0.000002
0.000000
-0.000000
-0.000001
-0.000004
-0.000011
-0.000025
-0.000047
-0.000081
-0.000125
-0.000182
-0.000261
-0.000354
-0.000455
-0.000600
-0.000763
-0.000927
-0.001143
-0.001397
-0.001650
-0.001928
-0.002297
-0.002662
-0.002988
-0.003493
-0.003998
-0.004425
-0.005011
-0.005680
-0.006263
-0.006868
-0.007726
-0.008496
-0.009078
-0.010142
-0.011131
-0.011848
-0.012928
-0.014161
-0.015119
-0.016077
-0.017572
-0.018808
-0.019579
-0.021344
-0.022888
-0.023834
-0.025449
-0.027321
-0.028615
-0.029858
-0.032062
-0.033740
-0.034541
-0.037064
-0.039147
-0.040178
-0.042277
-0.044770
-0.046279
-0.047655
-0.050539
-0.052550
-0.053153
-0.056387
-0.058903
-0.059815
-0.062252
-0.065250
-0.066787
-0.068076
-0.071509
-0.073670
-0.073814
-0.077604
-0.080363
-0.080920
-0.083470
-0.086770
-0.088103
-0.089053
-0.092809
-0.094883
-0.094315
-0.098410
-0.101160
-0.101133
-0.103519
-0.106847
-0.107737
-0.108098
-0.111878
-0.113607
-0.112125
-0.116203
-0.118660
-0.117860
-0.119791
-0.122837
-0.123068
-0.122631
-0.126099
-0.127234
-0.124729
-0.128431
-0.130314
-0.128627
-0.129837
-0.132287
-0.131700
-0.130337
-0.133156
-0.133494
-0.129972
-0.132948
-0.134014
-0.131419
-0.131706
-0.133287
-0.131805
-0.129491
-0.131366
-0.130778
-0.126375
-0.128322
-0.128399
-0.124985
-0.124240
-0.124751
-0.122394
-0.119218
-0.119933
-0.118385
-0.113359
-0.114061
-0.113075
-0.109030
-0.107258
-0.106598
-0.103486
-0.099651
-0.099097
-0.096655
-0.091367
-0.090723
-0.088705
-0.084304
-0.081626
-0.079809
-0.076152
-0.071954
-0.070143
-0.066972
-0.061844
-0.059881
-0.056969
-0.052546
-0.049188
-0.046342
-0.042419
-0.038215
-0.035282
-0.031628
-0.027098
-0.023971
-0.020394
-0.016302
-0.012569
-0.008924
-0.005052
-0.001219
0.002593
0.006432
0.009961
0.013988
0.017934
0.021360
0.025119
0.029258
0.032762
0.035868
0.040238
0.043946
0.046180
0.050734
0.054722
0.057210
0.060638
0.064928
0.067783
0.069871
0.074435
0.077715
0.078489
0.083149
0.086858
0.088225
0.091007
0.095102
0.097095
0.097976
0.102371
0.104973
0.104260
0.108620
0.111771
0.111938
0.113842
0.117436
0.118441
0.118052
0.121952
0.123708
0.121611
0.125332
0.127717
0.126724
0.127618
0.130478
0.130475
0.128877
0.132034
0.132873
0.129629
0.132454
0.133962
0.131963
0.131828
0.133816
0.132886
0.130262
0.132529
0.132477
0.128406
0.130217
0.130836
0.128064
0.127006
0.128088
0.126399
0.123033
0.124369
0.123541
0.119016
0.119827
0.119640
0.116387
0.114611
0.114853
0.112635
0.108870
0.109343
0.107928
0.103330
0.103272
0.102443
0.099021
0.096797
0.096354
0.093867
0.090066
0.089832
0.088058
0.083727
0.083035
0.081776
0.078475
0.076109
0.075191
0.072697
0.069186
0.068461
0.066575
0.062795
0.061727
0.060279
0.057355
0.055113
0.053959
0.051697
0.048722
0.047748
0.045980
0.042942
0.041755
0.040347
0.037979
0.036072
0.034913
0.033058
0.030768
0.029774
0.028305
0.026087
0.025004
0.023817
0.022092
0.020653
0.019673
0.018323
0.016755
0.015924
0.014858
0.013430
0.012605
0.011752
0.010660
0.009728
0.009039
0.008201
0.007292
0.006730
0.006088
0.005325
0.004823
0.004331
0.003774
0.003298
0.002925
0.002524
0.002125
0.001848
0.001567
0.001277
0.001069
0.000879
0.000695
0.000544
0.000426
0.000318
0.000227
0.000162
0.000108
0.000066
0.000038
0.000020
0.000008
0.000002
0.000000
-0.000000
-0.000000
-0.000003
-0.000010
-0.000023
-0.000044
-0.000076
-0.000118
-0.000174
-0.000251
-0.000341
-0.000442
-0.000583
-0.000742
-0.000900
-0.001118
-0.001367
-0.001612
-0.001894
-0.002256
-0.002612
-0.002944
-0.003442
-0.003935
-0.004344
-0.004950
-0.005606
-0.006168
-0.006797
-0.007641
-0.008388
-0.008998
-0.010048
-0.011011
-0.011688
-0.012826
-0.014033
-0.014946
-0.015969
-0.017439
-0.018628
-0.019465
-0.021209
-0.022705
-0.023575
-0.025314
-0.027140
-0.028355
-0.029724
-0.031887
-0.033486
-0.034408
-0.036899
-0.038906
-0.039814
-0.042125
-0.044548
-0.045934
-0.047515
-0.050340
-0.052233
-0.053025
-0.056215
-0.058621
-0.059352
-0.062107
-0.065009
-0.066371
-0.067958
-0.071312
-0.073310
-0.073718
-0.077452
-0.080065
-0.080380
-0.083363
-0.086538
-0.087644
-0.088986
-0.092643
-0.094511
-0.094281
-0.098310
-0.100878
-0.100552
-0.103479
-0.106657
-0.107272
-0.108110
-0.111775
-0.113259
-0.112179
-0.116182
-0.118429
-0.117282
-0.119843
-0.122719
-0.122638
-0.122744
-0.126086
-0.126949
-0.124888
-0.128512
-0.130166
-0.128101
-0.129997
-0.132267
-0.131347
-0.130562
-0.133251
-0.133305
-0.130244
-0.133141
-0.133974
-0.130994
-0.131980
-0.133381
-0.131567
-0.129826
-0.131575
-0.130711
-0.126753
-0.128626
-0.128483
-0.124701
-0.124618
-0.124963
-0.122298
-0.119649
-0.120251
-0.118453
-0.113823
-0.114462
-0.113283
-0.108916
-0.107719
-0.106918
-0.103545
-0.100151
-0.099505
-0.096859
-0.091886
-0.091194
-0.089024
-0.084374
-0.082137
-0.080215
-0.076365
-0.072485
-0.070610
-0.067297
-0.062378
-0.060385
-0.057375
-0.052794
-0.049708
-0.046801
-0.042768
-0.038734
-0.035770
-0.032047
-0.027603
-0.024466
-0.020853
-0.016707
-0.013054
-0.009397
-0.005507
-0.001682
0.002126
0.005956
0.009527
0.013545
0.017462
0.020835
0.024711
0.028813
0.032241
0.035501
0.039834
0.043455
0.045823
0.050382
0.054280
0.056613
0.060342
0.064549
0.067244
0.069632
0.074129
0.077252
0.078197
0.082917
0.086485
0.087605
0.090848
0.094823
0.096583
0.097883
0.102186
0.104578
0.104017
0.108527
0.111495
0.111348
0.113830
0.117277
0.117996
0.118110
0.121902
0.123408
0.121406
0.125380
0.127556
0.126207
0.127749
0.130445
0.130128
0.129074
0.132116
0.132687
0.129437
0.132632
0.133923
0.131551
0.132084
0.133905
0.132655
0.130576
0.132727
0.132407
0.128225
0.130503
0.130909
0.127774
0.127358
0.128280
0.126284
0.123428
0.124657
0.123579
0.118852
0.120187
0.119805
0.116220
0.115021
0.115120
0.112627
0.109308
0.109686
0.108052
0.103194
0.103668
0.102671
0.098965
0.097225
0.096661
0.093943
0.090506
0.090193
0.088238
0.083647
0.083429
0.082033
0.078504
0.076517
0.075502
0.072826
0.069592
0.068804
0.066779
0.062786
0.062084
0.060533
0.057440
0.055469
0.054244
0.051849
0.049065
0.048045
0.046179
0.042990
0.042052
0.040571
0.038087
0.036356
0.035148
0.033206
0.031031
0.030007
0.028473
0.026161
0.025225
0.023993
0.022197
0.020856
0.019845
0.018443
0.016935
0.016085
0.014982
0.013502
0.012749
0.011871
0.010741
0.009853
0.009146
0.008283
0.007396
0.006823
0.006163
0.005376
0.004900
0.004396
0.003823
0.003358
0.002977
0.002566
0.002170
0.001888
0.001600
0.001301
0.001097
0.000903
0.000713
0.000562
0.000440
0.000330
0.000237
0.000170
0.000114
0.000070
0.000041
0.000021
0.000009
0.000003
0.000000
-0.000000
-0.000000
-0.000003
-0.000009
-0.000021
-0.000041
-0.000072
-0.000112
-0.000167
-0.000241
-0.000328
-0.000428
-0.000566
-0.000721
-0.000874
-0.001093
-0.001337
-0.001574
-0.001860
-0.002216
-0.002561
-0.002901
-0.003391
-0.003872
-0.004264
-0.004888
-0.005531
-0.006071
-0.006726
-0.007556
-0.008277
-0.008917
-0.009953
-0.010889
-0.011526
-0.012724
-0.013902
-0.014771
-0.015860
-0.017304
-0.018444
-0.019351
-0.021071
-0.022518
-0.023311
-0.025176
-0.026954
-0.028089
-0.029589
-0.031708
-0.033225
-0.034275
-0.036730
-0.038658
-0.039438
-0.041969
-0.044318
-0.045577
-0.047373
-0.050134
-0.051903
-0.052895
-0.056036
-0.058326
-0.058871
-0.061957
-0.064755
-0.065937
-0.067836
-0.071104
-0.072932
-0.073620
-0.077291
-0.079749
-0.079816
-0.083248
-0.086289
-0.087161
-0.088914
-0.092464
-0.094116
-0.094244
-0.098197
-0.100575
-0.099939
-0.103429
-0.106446
-0.106776
-0.108115
-0.111655
-0.112883
-0.112229
-0.116147
-0.118172
-0.116666
-0.119884
-0.122577
-0.122172
-0.122849
-0.126053
-0.126631
-0.125044
-0.128576
-0.129990
-0.127533
-0.130145
-0.132222
-0.130956
-0.130779
-0.133324
-0.133081
-0.130512
-0.133317
-0.133905
-0.130525
-0.132241
-0.133450
-0.131290
-0.130154
-0.131764
-0.130609
-0.127128
-0.128914
-0.128537
-0.124374
-0.124985
-0.125151
-0.122165
-0.120074
-0.120551
-0.118490
-0.114285
-0.114849
-0.113464
-0.108764
-0.108171
-0.107218
-0.103573
-0.100646
-0.099898
-0.097037
-0.092404
-0.091654
-0.089323
-0.084413
-0.082642
-0.080606
-0.076554
-0.073013
-0.071067
-0.067604
-0.062912
-0.060883
-0.057769
-0.053021
-0.050225
-0.047252
-0.043104
-0.039253
-0.036253
-0.032457
-0.028109
-0.024959
-0.021307
-0.017103
-0.013540
-0.009869
-0.005959
-0.002147
0.001659
0.005479
0.009092
0.013099
0.016987
0.020307
0.024299
0.028361
0.031714
0.035130
0.039422
0.042955
0.045496
0.050022
0.053827
0.055999
0.060039
0.064158
0.066687
0.069387
0.073810
0.076771
0.078006
0.082674
0.086092
0.086960
0.090680
0.094525
0.096045
0.097784
0.101985
0.104156
0.103976
0.108419
0.111194
0.110723
0.113807
0.117095
0.117519
0.118160
0.121832
0.123078
0.121514
0.125412
0.127367
0.125649
0.127869
0.130389
0.129744
0.129265
0.132177
0.132467
0.129679
0.132796
0.133854
0.131096
0.132330
0.133970
0.132385
0.130883
0.132906
0.132305
0.128573
0.130774
0.130953
0.127442
0.127700
0.128449
0.126134
0.123819
0.124927
0.123586
0.119270
0.120535
0.119944
0.116015
0.115422
0.115366
0.112586
0.109742
0.110014
0.108148
0.103641
0.104054
0.102877
0.098876
0.097647
0.096950
0.093991
0.090944
0.090542
0.088396
0.084083
0.083815
0.082273
0.078507
0.076921
0.075800
0.072935
0.069996
0.069139
0.066967
0.063162
0.062437
0.060776
0.057505
0.055823
0.054520
0.051987
0.049408
0.048337
0.046366
0.043281
0.042345
0.040788
0.038184
0.036639
0.035378
0.033344
0.031296
0.030237
0.028636
0.026369
0.025445
0.024165
0.022295
0.021059
0.020015
0.018559
0.017116
0.016245
0.015103
0.013636
0.012893
0.011988
0.010819
0.009978
0.009253
0.008362
0.007501
0.006916
0.006237
0.005449
0.004977
0.004460
0.003870
0.003419
0.003030
0.002607
0.002216
0.001928
0.001632
0.001330
0.001125
0.000926
0.000731
0.000580
0.000455
0.000341
0.000247
0.000178
0.000120
0.000074
0.000045
0.000023
0.000010
0.000003
0.000000
0.000000
-0.000000
-0.000002
-0.000008
-0.000019
-0.000038
-0.000067
-0.000106
-0.000160
-0.000231
-0.000316
-0.000415
-0.000550
-0.000700
-0.000850
-0.001069
-0.001306
-0.001536
-0.001827
-0.002175
-0.002511
-0.002858
-0.003340
-0.003808
-0.004191
-0.004827
-0.005455
-0.005974
-0.006655
-0.007469
-0.008166
-0.008837
-0.009858
-0.010766
-0.011378
-0.012621
-0.013770
-0.014593
-0.015751
-0.017166
-0.018257
-0.019237
-0.020931
-0.022326
-0.023063
-0.025037
-0.026764
-0.027816
-0.029451
-0.031524
-0.032957
-0.034140
-0.036557
-0.038401
-0.039071
-0.041808
-0.044079
-0.045208
-0.047227
-0.049920
-0.051561
-0.052763
-0.055850
-0.058019
-0.058374
-0.061800
-0.064489
-0.065486
-0.067708
-0.070884
-0.072536
-0.073519
-0.077120
-0.079416
-0.079227
-0.083124
-0.086024
-0.086653
-0.088834
-0.092268
-0.093696
-0.094204
-0.098071
-0.100248
-0.099294
-0.103368
-0.106214
-0.106249
-0.108113
-0.111516
-0.112478
-0.112276
-0.116095
-0.117889
-0.116012
-0.119912
-0.122411
-0.121670
-0.122946
-0.125998
-0.126279
-0.125196
-0.128622
-0.129783
-0.126922
-0.130280
-0.132150
-0.130526
-0.130987
-0.133375
-0.132822
-0.130776
-0.133475
-0.133804
-0.130011
-0.132490
-0.133492
-0.130973
-0.130474
-0.131930
-0.130472
-0.127499
-0.129186
-0.128560
-0.124004
-0.125341
-0.125314
-0.121993
-0.120492
-0.120830
-0.118494
-0.114745
-0.115222
-0.113619
-0.108573
-0.108613
-0.107497
-0.103567
-0.101136
-0.100274
-0.097188
-0.092920
-0.092103
-0.089600
-0.084420
-0.083139
-0.080982
-0.076718
-0.073538
-0.071513
-0.067891
-0.063447
-0.061373
-0.058148
-0.053227
-0.050738
-0.047694
-0.043423
-0.039771
-0.036731
-0.032856
-0.028617
-0.025450
-0.021755
-0.017489
-0.014026
-0.010339
-0.006407
-0.002613
0.001190
0.005003
0.008654
0.012650
0.016509
0.019774
0.023883
0.027904
0.031178
0.034756
0.039004
0.042443
0.045166
0.049654
0.053361
0.055369
0.059729
0.063755
0.066112
0.069136
0.073478
0.076271
0.077811
0.082420
0.085679
0.086287
0.090501
0.094209
0.095479
0.097677
0.101768
0.103708
0.103931
0.108297
0.110868
0.110062
0.113773
0.116890
0.117007
0.118203
0.121743
0.122715
0.121619
0.125428
0.127150
0.125050
0.127977
0.130307
0.129322
0.129447
0.132218
0.132214
0.129918
0.132942
0.133755
0.130597
0.132563
0.134009
0.132076
0.131183
0.133064
0.132168
0.128918
0.131030
0.130968
0.127067
0.128031
0.128593
0.125945
0.124203
0.125178
0.123561
0.119686
0.120868
0.120056
0.115771
0.115815
0.115590
0.112512
0.110172
0.110326
0.108217
0.104087
0.104429
0.103061
0.098753
0.098061
0.097222
0.094012
0.091378
0.090878
0.088531
0.084520
0.084192
0.082496
0.078484
0.077319
0.076085
0.073022
0.070399
0.069464
0.067137
0.063554
0.062783
0.061006
0.057551
0.056174
0.054787
0.052110
0.049750
0.048623
0.046542
0.043605
0.042635
0.040997
0.038267
0.036921
0.035603
0.033473
0.031560
0.030464
0.028791
0.026610
0.025664
0.024332
0.022385
0.021262
0.020182
0.018669
0.017298
0.016404
0.015220
0.013794
0.013037
0.012103
0.010893
0.010104
0.009360
0.008439
0.007607
0.007009
0.006310
0.005535
0.005055
0.004524
0.003916
0.003481
0.003082
0.002647
0.002263
0.001969
0.001665
0.001363
0.001154
0.000950
0.000749
0.000599
0.000471
0.000353
0.000257
0.000186
0.000126
0.000079
0.000048
0.000026
0.000011
0.000004
0.000001
0.000000
-0.000000
-0.000002
-0.000007
-0.000017
-0.000035
-0.000063
-0.000100
-0.000153
-0.000222
-0.000304
-0.000402
-0.000534
-0.000680
-0.000830
-0.001044
-0.001276
-0.001498
-0.001793
-0.002135
-0.002460
-0.002815
-0.003289
-0.003745
-0.004138
-0.004766
-0.005380
-0.005877
-0.006584
-0.007382
-0.008054
-0.008756
-0.009761
-0.010641
-0.011288
-0.012516
-0.013636
-0.014411
-0.015641
-0.017026
-0.018066
-0.019121
-0.020788
-0.022131
-0.022943
-0.024894
-0.026569
-0.027536
-0.029311
-0.031335
-0.032681
-0.034004
-0.036378
-0.038136
-0.038938
-0.041643
-0.043833
-0.044827
-0.047077
-0.049697
-0.051206
-0.052629
-0.055655
-0.057699
-0.058252
-0.061636
-0.064211
-0.065016
-0.067575
-0.070652
-0.072122
-0.073414
-0.076937
-0.079065
-0.079107
-0.082990
-0.085741
-0.086120
-0.088748
-0.092057
-0.093252
-0.094158
-0.097930
-0.099898
-0.099185
-0.103295
-0.105960
-0.105690
-0.108101
-0.111357
-0.112042
-0.112316
-0.116027
-0.117576
-0.115924
-0.119926
-0.122220
-0.121131
-0.123033
-0.125921
-0.125893
-0.125341
-0.128651
-0.129545
-0.126866
-0.130401
-0.132051
-0.130054
-0.131185
-0.133403
-0.132525
-0.131035
-0.133615
-0.133670
-0.129998
-0.132724
-0.133506
-0.130614
-0.130784
-0.132074
-0.130298
-0.127865
-0.129439
-0.128553
-0.124049
-0.125683
-0.125451
-0.121783
-0.120901
-0.121089
-0.118465
-0.115200
-0.115578
-0.113745
-0.108690
-0.109044
-0.107753
-0.103527
-0.101619
-0.100633
-0.097310
-0.093435
-0.092539
-0.089855
-0.084623
-0.083629
-0.081340
-0.076855
-0.074059
-0.071946
-0.068158
-0.063980
-0.061856
-0.058512
-0.053529
-0.051248
-0.048126
-0.043727
-0.040287
-0.037203
-0.033245
-0.029126
-0.025939
-0.022198
-0.017896
-0.014512
-0.010807
-0.006850
-0.003081
0.000720
0.004526
0.008214
0.012198
0.016028
0.019261
0.023462
0.027441
0.030636
0.034377
0.038578
0.041922
0.044833
0.049278
0.052884
0.054749
0.059412
0.063338
0.065519
0.068879
0.073133
0.075751
0.077612
0.082152
0.085247
0.085587
0.090312
0.093874
0.094885
0.097562
0.101532
0.103232
0.103881
0.108159
0.110516
0.109365
0.113726
0.116661
0.116460
0.118236
0.121633
0.122320
0.121718
0.125427
0.126903
0.124409
0.128071
0.130199
0.128861
0.129621
0.132236
0.131924
0.130152
0.133071
0.133624
0.130054
0.132783
0.134021
0.131727
0.131475
0.133200
0.131996
0.129260
0.131268
0.130953
0.126648
0.128350
0.128713
0.125719
0.124580
0.125409
0.123502
0.120099
0.121186
0.120141
0.115486
0.116197
0.115793
0.112404
0.110596
0.110620
0.108256
0.104531
0.104790
0.103221
0.098595
0.098468
0.097476
0.094003
0.091808
0.091200
0.088642
0.084955
0.084559
0.082700
0.078432
0.077712
0.076356
0.073087
0.070799
0.069780
0.067290
0.063946
0.063123
0.061222
0.057576
0.056522
0.055044
0.052217
0.050091
0.048903
0.046706
0.043928
0.042921
0.041197
0.038336
0.037201
0.035821
0.033591
0.031825
0.030687
0.028939
0.026852
0.025880
0.024495
0.022467
0.021464
0.020346
0.018774
0.017480
0.016561
0.015335
0.013953
0.013181
0.012217
0.010964
0.010230
0.009465
0.008514
0.007713
0.007102
0.006382
0.005622
0.005132
0.004588
0.003961
0.003543
0.003135
0.002688
0.002310
0.002009
0.001697
0.001397
0.001183
0.000973
0.000767
0.000618
0.000486
0.000365
0.000268
0.000195
0.000133
0.000084
0.000051
0.000028
0.000013
0.000004
0.000001
0.000000
-0.000000
-0.000001
-0.000006
-0.000015
-0.000033
-0.000059
-0.000094
-0.000146
-0.000213
-0.000292
-0.000390
-0.000518
-0.000660
-0.000810
-0.001020
-0.001247
-0.001461
-0.001760
-0.002094
-0.002410
-0.002773
-0.003238
-0.003681
-0.004086
-0.004705
-0.005303
-0.005778
-0.006513
-0.007294
-0.007940
-0.008675
-0.009664
-0.010515
-0.011198
-0.012411
-0.013500
-0.014227
-0.015529
-0.016883
-0.017871
-0.019005
-0.020643
-0.021931
-0.022823
-0.024749
-0.026369
-0.027249
-0.029169
-0.031141
-0.032397
-0.033866
-0.036194
-0.037863
-0.038804
-0.041473
-0.043578
-0.044434
-0.046923
-0.049466
-0.050838
-0.052491
-0.055453
-0.057365
-0.058129
-0.061465
-0.063919
-0.064527
-0.067436
-0.070407
-0.071688
-0.073305
-0.076742
-0.078695
-0.079024
-0.082847
-0.085441
-0.085560
-0.088653
-0.091829
-0.092782
-0.094108
-0.097775
-0.099524
-0.099171
-0.103210
-0.105684
-0.105098
-0.108081
-0.111178
-0.111575
-0.112351
-0.115941
-0.117235
-0.116003
-0.119926
-0.122002
-0.120554
-0.123109
-0.125821
-0.125472
-0.125480
-0.128659
-0.129274
-0.127053
-0.130506
-0.131923
-0.129541
-0.131372
-0.133405
-0.132191
-0.131287
-0.133734
-0.133503
-0.130297
-0.132942
-0.133490
-0.130212
-0.131083
-0.132193
-0.130086
-0.128225
-0.129673
-0.128512
-0.124450
-0.126010
-0.125560
-0.121531
-0.121301
-0.121325
-0.118400
-0.115651
-0.115918
-0.113842
-0.109171
-0.109463
-0.107985
-0.103452
-0.102094
-0.100974
-0.097403
-0.093945
-0.092963
-0.090087
-0.085150
-0.084110
-0.081680
-0.076965
-0.074576
-0.072367
-0.068404
-0.064512
-0.062331
-0.058861
-0.054061
-0.051753
-0.048547
-0.044014
-0.040802
-0.037669
-0.033623
-0.029635
-0.026425
-0.022634
-0.018388
-0.014997
-0.011273
-0.007288
-0.003551
0.000250
0.004050
0.007771
0.011743
0.015543
0.018852
0.023038
0.026972
0.030087
0.033993
0.038144
0.041391
0.044495
0.048894
0.052394
0.054457
0.059086
0.062907
0.064907
0.068615
0.072774
0.075210
0.077407
0.081872
0.084794
0.085421
0.090112
0.093518
0.094263
0.097438
0.101277
0.102729
0.103825
0.108005
0.110137
0.109277
0.113666
0.116408
0.115877
0.118259
0.121501
0.121891
0.121811
0.125407
0.126624
0.124370
0.128151
0.130063
0.128360
0.129784
0.132231
0.131598
0.130380
0.133180
0.133462
0.130033
0.132989
0.134005
0.131336
0.131757
0.133312
0.131787
0.129597
0.131488
0.130905
0.126633
0.128656
0.128805
0.125452
0.124949
0.125618
0.123409
0.120508
0.121488
0.120197
0.115476
0.116568
0.115971
0.112259
0.111012
0.110896
0.108266
0.104973
0.105139
0.103357
0.098596
0.098865
0.097710
0.093965
0.092233
0.091507
0.088729
0.085389
0.084917
0.082884
0.078467
0.078098
0.076613
0.073128
0.071195
0.070084
0.067425
0.064338
0.063456
0.061424
0.057637
0.056865
0.055291
0.052307
0.050431
0.049175
0.046857
0.044253
0.043202
0.041388
0.038410
0.037479
0.036033
0.033699
0.032088
0.030906
0.029080
0.027095
0.026095
0.024652
0.022542
0.021665
0.020508
0.018873
0.017663
0.016716
0.015445
0.014113
0.013323
0.012328
0.011031
0.010356
0.009569
0.008587
0.007820
0.007195
0.006452
0.005709
0.005210
0.004651
0.004005
0.003606
0.003187
0.002727
0.002357
0.002050
0.001730
0.001431
0.001212
0.000997
0.000784
0.000637
0.000502
0.000376
0.000279
0.000203
0.000139
0.000089
0.000055
0.000030
0.000014
0.000005
0.000001
0.000000
-0.000000
-0.000001
-0.000005
-0.000014
-0.000030
-0.000055
-0.000089
-0.000139
-0.000204
-0.000280
-0.000377
-0.000502
-0.000640
-0.000790
-0.000996
-0.001217
-0.001423
-0.001727
-0.002054
-0.002359
-0.002730
-0.003187
-0.003617
-0.004033
-0.004643
-0.005226
-0.005679
-0.006441
-0.007206
-0.007825
-0.008595
-0.009565
-0.010386
-0.011109
-0.012305
-0.013361
-0.014039
-0.015417
-0.016738
-0.017672
-0.018888
-0.020494
-0.021726
-0.022702
-0.024601
-0.026165
-0.026955
-0.029024
-0.030942
-0.032105
-0.033726
-0.036005
-0.037582
-0.038669
-0.041298
-0.043314
-0.044028
-0.046765
-0.049226
-0.050457
-0.052350
-0.055241
-0.057018
-0.058004
-0.061286
-0.063613
-0.064019
-0.067290
-0.070149
-0.071235
-0.073192
-0.076536
-0.078305
-0.078938
-0.082693
-0.085121
-0.084975
-0.088550
-0.091583
-0.092287
-0.094051
-0.097604
-0.099125
-0.099153
-0.103111
-0.105384
-0.104473
-0.108049
-0.110978
-0.111076
-0.112378
-0.115836
-0.116864
-0.116078
-0.119911
-0.121757
-0.119937
-0.123173
-0.125697
-0.125013
-0.125611
-0.128647
-0.128970
-0.127236
-0.130594
-0.131765
-0.128985
-0.131546
-0.133382
-0.131817
-0.131531
-0.133832
-0.133300
-0.130593
-0.133144
-0.133445
-0.129766
-0.131370
-0.132287
-0.129836
-0.128578
-0.129886
-0.128437
-0.124849
-0.126322
-0.125641
-0.121238
-0.121690
-0.121538
-0.118300
-0.116095
-0.116239
-0.113909
-0.109651
-0.109869
-0.108193
-0.103340
-0.102561
-0.101295
-0.097466
-0.094452
-0.093372
-0.090294
-0.085676
-0.084582
-0.082002
-0.077047
-0.075086
-0.072773
-0.068627
-0.065041
-0.062796
-0.059193
-0.054592
-0.052252
-0.048956
-0.044283
-0.041315
-0.038128
-0.033988
-0.030144
-0.026907
-0.023063
-0.018881
-0.015482
-0.011736
-0.007720
-0.004022
-0.000221
0.003575
0.007327
0.011285
0.015055
0.018440
0.022610
0.026498
0.029530
0.033605
0.037703
0.040849
0.044153
0.048502
0.051891
0.054162
0.058751
0.062463
0.064276
0.068343
0.072401
0.074649
0.077197
0.081579
0.084320
0.085268
0.089900
0.093141
0.093611
0.097304
0.101004
0.102195
0.103762
0.107833
0.109729
0.109274
0.113592
0.116129
0.115257
0.118272
0.121346
0.121427
0.121898
0.125368
0.126313
0.124515
0.128216
0.129899
0.127815
0.129937
0.132201
0.131233
0.130603
0.133270
0.133264
0.130305
0.133180
0.133960
0.130900
0.132029
0.133401
0.131538
0.129929
0.131689
0.130824
0.127004
0.128948
0.128870
0.125142
0.125309
0.125805
0.123279
0.120914
0.121773
0.120222
0.115906
0.116927
0.116125
0.112076
0.111422
0.111153
0.108243
0.105412
0.105473
0.103466
0.099043
0.099252
0.097924
0.093895
0.092652
0.091799
0.088791
0.085821
0.085263
0.083049
0.078895
0.078477
0.076853
0.073145
0.071588
0.070378
0.067540
0.064729
0.063780
0.061611
0.058013
0.057203
0.055527
0.052380
0.050768
0.049440
0.046995
0.044577
0.043479
0.041569
0.038712
0.037754
0.036239
0.033796
0.032351
0.031121
0.029213
0.027338
0.026307
0.024804
0.022760
0.021865
0.020665
0.018966
0.017845
0.016869
0.015551
0.014274
0.013465
0.012436
0.011163
0.010482
0.009672
0.008657
0.007928
0.007287
0.006521
0.005797
0.005288
0.004713
0.004071
0.003669
0.003240
0.002766
0.002405
0.002091
0.001762
0.001465
0.001242
0.001021
0.000806
0.000657
0.000518
0.000388
0.000291
0.000212
0.000146
0.000094
0.000059
0.000033
0.000015
0.000006
0.000001
0.000000
-0.000000
-0.000001
-0.000004
-0.000013
-0.000028
-0.000052
-0.000084
-0.000133
-0.000195
-0.000268
-0.000365
-0.000487
-0.000620
-0.000771
-0.000973
-0.001187
-0.001391
-0.001695
-0.002014
-0.002309
-0.002688
-0.003136
-0.003553
-0.003981
-0.004581
-0.005149
-0.005598
-0.006370
-0.007117
-0.007709
-0.008513
-0.009466
-0.010256
-0.011019
-0.012197
-0.013221
-0.013887
-0.015303
-0.016590
-0.017470
-0.018770
-0.020343
-0.021517
-0.022580
-0.024451
-0.025955
-0.026713
-0.028877
-0.030737
-0.031806
-0.033584
-0.035810
-0.037292
-0.038532
-0.041118
-0.043041
-0.043685
-0.046602
-0.048976
-0.050063
-0.052205
-0.055021
-0.056657
-0.057876
-0.061099
-0.063294
-0.063569
-0.067137
-0.069878
-0.070762
-0.073072
-0.076317
-0.077896
-0.078849
-0.082527
-0.084783
-0.084424
-0.088438
-0.091319
-0.091765
-0.093987
-0.097417
-0.098700
-0.099131
-0.102999
-0.105060
-0.103840
-0.108006
-0.110755
-0.110544
-0.112397
-0.115712
-0.116462
-0.116148
-0.119879
-0.121484
-0.119281
-0.123224
-0.125547
-0.124518
-0.125734
-0.128613
-0.128631
-0.127415
-0.130664
-0.131576
-0.128384
-0.131707
-0.133333
-0.131403
-0.131766
-0.133907
-0.133062
-0.130884
-0.133327
-0.133367
-0.129275
-0.131644
-0.132353
-0.129544
-0.128923
-0.130077
-0.128327
-0.125244
-0.126617
-0.125691
-0.120901
-0.122067
-0.121726
-0.118162
-0.116533
-0.116541
-0.113944
-0.110127
-0.110261
-0.108374
-0.103190
-0.103019
-0.101597
-0.097497
-0.094953
-0.093765
-0.090476
-0.086201
-0.085042
-0.082303
-0.077099
-0.075590
-0.073166
-0.068828
-0.065568
-0.063251
-0.059508
-0.055124
-0.052745
-0.049354
-0.044533
-0.041825
-0.038579
-0.034341
-0.030652
-0.027386
-0.023484
-0.019375
-0.015967
-0.012195
-0.008146
-0.004494
-0.000692
0.003102
0.006879
0.010825
0.014565
0.018026
0.022177
0.026017
0.028967
0.033212
0.037254
0.040297
0.043806
0.048100
0.051376
0.053864
0.058408
0.062004
0.063626
0.068063
0.072014
0.074068
0.076981
0.081271
0.083825
0.085109
0.089675
0.092744
0.092930
0.097160
0.100710
0.101633
0.103692
0.107643
0.109294
0.109267
0.113501
0.115823
0.114600
0.118272
0.121166
0.120927
0.121975
0.125308
0.125970
0.124654
0.128263
0.129705
0.127229
0.130076
0.132146
0.130830
0.130816
0.133337
0.133032
0.130573
0.133353
0.133884
0.130422
0.132287
0.133463
0.131251
0.130252
0.131869
0.130710
0.127370
0.129223
0.128906
0.124791
0.125657
0.125967
0.123113
0.121312
0.122039
0.120216
0.116333
0.117272
0.116253
0.111856
0.111822
0.111388
0.108189
0.105845
0.105791
0.103549
0.099490
0.099629
0.098116
0.093793
0.093065
0.092074
0.088825
0.086250
0.085597
0.083191
0.079323
0.078847
0.077077
0.073137
0.071976
0.070658
0.067635
0.065118
0.064097
0.061783
0.058390
0.057536
0.055752
0.052434
0.051102
0.049697
0.047119
0.044900
0.043751
0.041739
0.039016
0.038026
0.036437
0.033881
0.032613
0.031331
0.029337
0.027582
0.026516
0.024950
0.022980
0.022064
0.020819
0.019053
0.018027
0.017021
0.015653
0.014436
0.013606
0.012542
0.011302
0.010607
0.009774
0.008725
0.008036
0.007378
0.006589
0.005886
0.005366
0.004775
0.004141
0.003732
0.003292
0.002805
0.002454
0.002133
0.001794
0.001500
0.001272
0.001046
0.000830
0.000677
0.000534
0.000401
0.000303
0.000222
0.000152
0.000100
0.000063
0.000035
0.000017
0.000007
0.000002
0.000000
-0.000000
-0.000001
-0.000004
-0.000011
-0.000026
-0.000048
-0.000079
-0.000126
-0.000187
-0.000257
-0.000353
-0.000471
-0.000600
-0.000751
-0.000949
-0.001158
-0.001364
-0.001662
-0.001974
-0.002259
-0.002646
-0.003085
-0.003489
-0.003929
-0.004520
-0.005071
-0.005535
-0.006298
-0.007027
-0.007592
-0.008432
-0.009365
-0.010125
-0.010929
-0.012088
-0.013078
-0.013788
-0.015188
-0.016440
-0.017264
-0.018651
-0.020189
-0.021304
-0.022458
-0.024297
-0.025740
-0.026588
-0.028726
-0.030527
-0.031498
-0.033439
-0.035610
-0.036993
-0.038393
-0.040932
-0.042758
-0.043552
-0.046434
-0.048718
-0.049655
-0.052056
-0.054792
-0.056282
-0.057746
-0.060903
-0.062960
-0.063455
-0.066977
-0.069592
-0.070269
-0.072947
-0.076084
-0.077467
-0.078756
-0.082350
-0.084424
-0.084358
-0.088315
-0.091037
-0.091215
-0.093916
-0.097212
-0.098248
-0.099105
-0.102871
-0.104711
-0.103849
-0.107951
-0.110509
-0.109979
-0.112407
-0.115567
-0.116028
-0.116213
-0.119830
-0.121181
-0.119358
-0.123261
-0.125371
-0.123983
-0.125846
-0.128556
-0.128257
-0.127588
-0.130716
-0.131355
-0.128508
-0.131853
-0.133255
-0.130948
-0.131991
-0.133958
-0.132786
-0.131170
-0.133492
-0.133257
-0.129446
-0.131903
-0.132392
-0.129211
-0.129258
-0.130246
-0.128181
-0.125634
-0.126894
-0.125711
-0.121122
-0.122431
-0.121889
-0.117985
-0.116962
-0.116823
-0.113946
-0.110600
-0.110637
-0.108529
-0.103463
-0.103466
-0.101876
-0.097496
-0.095448
-0.094143
-0.090631
-0.086723
-0.085492
-0.082584
-0.077427
-0.076088
-0.073542
-0.069004
-0.066091
-0.063696
-0.059805
-0.055655
-0.053232
-0.049739
-0.044919
-0.042332
-0.039022
-0.034680
-0.031161
-0.027860
-0.023897
-0.019870
-0.016450
-0.012651
-0.008590
-0.004968
-0.001163
0.002630
0.006430
0.010362
0.014073
0.017609
0.021740
0.025532
0.028464
0.032814
0.036798
0.039735
0.043454
0.047690
0.050848
0.053561
0.058055
0.061531
0.063062
0.067774
0.071611
0.073465
0.076756
0.080948
0.083307
0.084946
0.089436
0.092324
0.092314
0.097004
0.100395
0.101041
0.103613
0.107435
0.108830
0.109254
0.113394
0.115490
0.113948
0.118259
0.120962
0.120391
0.122044
0.125226
0.125592
0.124788
0.128292
0.129480
0.126600
0.130201
0.132063
0.130387
0.131020
0.133382
0.132765
0.130836
0.133508
0.133777
0.129899
0.132533
0.133499
0.130924
0.130567
0.132027
0.130560
0.127733
0.129481
0.128911
0.124397
0.125993
0.126105
0.122910
0.121703
0.122284
0.120177
0.116757
0.117601
0.116354
0.111596
0.112212
0.111602
0.108100
0.106273
0.106092
0.103603
0.099936
0.099993
0.098286
0.093658
0.093469
0.092332
0.088833
0.086675
0.085918
0.083312
0.079750
0.079209
0.077284
0.073102
0.072359
0.070926
0.067709
0.065505
0.064403
0.061938
0.058766
0.057863
0.055964
0.052470
0.051433
0.049944
0.047228
0.045223
0.044016
0.041899
0.039320
0.038295
0.036628
0.033954
0.032874
0.031536
0.029452
0.027825
0.026722
0.025089
0.023201
0.022262
0.020969
0.019133
0.018209
0.017169
0.015751
0.014597
0.013746
0.012646
0.011441
0.010733
0.009874
0.008789
0.008144
0.007469
0.006655
0.005976
0.005444
0.004836
0.004212
0.003796
0.003344
0.002843
0.002503
0.002174
0.001826
0.001536
0.001303
0.001070
0.000854
0.000697
0.000550
0.000413
0.000315
0.000231
0.000159
0.000106
0.000067
0.000038
0.000019
0.000008
0.000002
0.000000
-0.000000
-0.000000
-0.000003
-0.000010
-0.000024
-0.000045
-0.000075
-0.000120
-0.000179
-0.000246
-0.000341
-0.000456
-0.000581
-0.000733
-0.000926
-0.001129
-0.001337
-0.001630
-0.001934
-0.002208
-0.002604
-0.003034
-0.003425
-0.003877
-0.004457
-0.004993
-0.005473
-0.006225
-0.006936
-0.007474
-0.008350
-0.009264
-0.009992
-0.010838
-0.011978
-0.012933
-0.013690
-0.015071
-0.016287
-0.017054
-0.018530
-0.020032
-0.021086
-0.022335
-0.024140
-0.025520
-0.026462
-0.028573
-0.030311
-0.031183
-0.033291
-0.035403
-0.036685
-0.038253
-0.040740
-0.042466
-0.043418
-0.046260
-0.048449
-0.049233
-0.051902
-0.054553
-0.055892
-0.057612
-0.060698
-0.062612
-0.063338
-0.066808
-0.069292
-0.069755
-0.072815
-0.075838
-0.077016
-0.078658
-0.082160
-0.084046
-0.084289
-0.088181
-0.090735
-0.090638
-0.093835
-0.096990
-0.097770
-0.099072
-0.102727
-0.104336
-0.103855
-0.107882
-0.110239
-0.109379
-0.112407
-0.115401
-0.115562
-0.116271
-0.119762
-0.120848
-0.119463
-0.123283
-0.125168
-0.123409
-0.125947
-0.128475
-0.127846
-0.127754
-0.130747
-0.131101
-0.128723
-0.131983
-0.133147
-0.130450
-0.132204
-0.133984
-0.132472
-0.131449
-0.133636
-0.133113
-0.129772
-0.132147
-0.132402
-0.128835
-0.129582
-0.130390
-0.127997
-0.126018
-0.127153
-0.125698
-0.121546
-0.122781
-0.122024
-0.117768
-0.117381
-0.117083
-0.113914
-0.111068
-0.110997
-0.108655
-0.103959
-0.103901
-0.102133
-0.097460
-0.095936
-0.094503
-0.090758
-0.087243
-0.085929
-0.082843
-0.077959
-0.076577
-0.073903
-0.069155
-0.066610
-0.064129
-0.060082
-0.056185
-0.053712
-0.050110
-0.045444
-0.042835
-0.039456
-0.035005
-0.031668
-0.028330
-0.024302
-0.020366
-0.016932
-0.013102
-0.009065
-0.005442
-0.001633
0.002160
0.005978
0.009896
0.013578
0.017189
0.021298
0.025040
0.028081
0.032410
0.036333
0.039162
0.043097
0.047270
0.050307
0.053254
0.057693
0.061044
0.062804
0.067476
0.071193
0.072841
0.076524
0.080610
0.082767
0.084777
0.089183
0.091882
0.092201
0.096836
0.100059
0.100418
0.103524
0.107206
0.108336
0.109235
0.113270
0.115128
0.113985
0.118232
0.120732
0.119818
0.122101
0.125121
0.125180
0.124916
0.128302
0.129224
0.126738
0.130311
0.131952
0.129903
0.131213
0.133403
0.132460
0.131094
0.133644
0.133637
0.130054
0.132764
0.133506
0.130555
0.130872
0.132162
0.130373
0.128090
0.129721
0.128885
0.124549
0.126316
0.126217
0.122666
0.122086
0.122509
0.120105
0.117178
0.117915
0.116426
0.111735
0.112591
0.111793
0.107978
0.106695
0.106376
0.103629
0.100378
0.100344
0.098432
0.093789
0.093865
0.092571
0.088811
0.087095
0.086225
0.083409
0.080176
0.079561
0.077472
0.073239
0.072736
0.071180
0.067761
0.065889
0.064700
0.062076
0.059143
0.058183
0.056163
0.052602
0.051761
0.050183
0.047323
0.045544
0.044275
0.042048
0.039624
0.038559
0.036810
0.034073
0.033132
0.031735
0.029558
0.028068
0.026925
0.025222
0.023423
0.022458
0.021114
0.019230
0.018391
0.017316
0.015844
0.014760
0.013885
0.012746
0.011582
0.010858
0.009972
0.008857
0.008252
0.007559
0.006719
0.006066
0.005522
0.004896
0.004284
0.003860
0.003396
0.002880
0.002553
0.002216
0.001857
0.001572
0.001334
0.001094
0.000878
0.000718
0.000567
0.000425
0.000327
0.000241
0.000166
0.000112
0.000071
0.000041
0.000021
0.000009
0.000003
0.000000
-0.000000
-0.000000
-0.000003
-0.000009
-0.000022
-0.000042
-0.000071
-0.000114
-0.000171
-0.000235
-0.000329
-0.000442
-0.000562
-0.000714
-0.000903
-0.001100
-0.001310
-0.001598
-0.001895
-0.002158
-0.002562
-0.002983
-0.003360
-0.003825
-0.004395
-0.004915
-0.005412
-0.006153
-0.006844
-0.007354
-0.008268
-0.009161
-0.009857
-0.010747
-0.011866
-0.012786
-0.013591
-0.014953
-0.016131
-0.016840
-0.018408
-0.019872
-0.020863
-0.022210
-0.023979
-0.025295
-0.026336
-0.028415
-0.030089
-0.030859
-0.033140
-0.035191
-0.036368
-0.038109
-0.040542
-0.042165
-0.043283
-0.046080
-0.048170
-0.048797
-0.051743
-0.054303
-0.055488
-0.057474
-0.060483
-0.062248
-0.063220
-0.066631
-0.068977
-0.069220
-0.072675
-0.075577
-0.076545
-0.078554
-0.081957
-0.083646
-0.084217
-0.088036
-0.090413
-0.090033
-0.093746
-0.096748
-0.097264
-0.099033
-0.102566
-0.103935
-0.103858
-0.107799
-0.109945
-0.108744
-0.112395
-0.115212
-0.115062
-0.116322
-0.119674
-0.120484
-0.119563
-0.123289
-0.124937
-0.122794
-0.126035
-0.128370
-0.127398
-0.127911
-0.130757
-0.130813
-0.128934
-0.132096
-0.133010
-0.129908
-0.132404
-0.133985
-0.132118
-0.131720
-0.133758
-0.132934
-0.130095
-0.132374
-0.132381
-0.128416
-0.129894
-0.130509
-0.127774
-0.126395
-0.127390
-0.125652
-0.121967
-0.123116
-0.122132
-0.117510
-0.117791
-0.117320
-0.113847
-0.111530
-0.111339
-0.108752
-0.104453
-0.104324
-0.102366
-0.097390
-0.096416
-0.094845
-0.090857
-0.087758
-0.086353
-0.083079
-0.078490
-0.077057
-0.074246
-0.069280
-0.067124
-0.064550
-0.060340
-0.056713
-0.054184
-0.050467
-0.045970
-0.043334
-0.039881
-0.035316
-0.032174
-0.028795
-0.024696
-0.020863
-0.017411
-0.013549
-0.009541
-0.005917
-0.002103
0.001692
0.005524
0.009429
0.013081
0.016767
0.020852
0.024544
0.027695
0.032001
0.035861
0.038580
0.042735
0.046841
0.049753
0.052942
0.057320
0.060541
0.062542
0.067168
0.070760
0.072196
0.076284
0.080257
0.082205
0.084602
0.088916
0.091417
0.092083
0.096655
0.099700
0.099763
0.103425
0.106956
0.107811
0.109209
0.113128
0.114738
0.114019
0.118189
0.120476
0.119206
0.122148
0.124993
0.124732
0.125037
0.128291
0.128934
0.126916
0.130405
0.131812
0.129376
0.131395
0.133399
0.132116
0.131344
0.133759
0.133463
0.130352
0.132979
0.133484
0.130144
0.131166
0.132272
0.130148
0.128442
0.129942
0.128826
0.124936
0.126624
0.126301
0.122382
0.122460
0.122712
0.119998
0.117594
0.118212
0.116469
0.112172
0.112958
0.111960
0.107819
0.107108
0.106641
0.103625
0.100818
0.100682
0.098553
0.094235
0.094252
0.092791
0.088760
0.087509
0.086517
0.083482
0.080600
0.079902
0.077641
0.073656
0.073105
0.071419
0.067790
0.066269
0.064987
0.062196
0.059519
0.058497
0.056348
0.052962
0.052084
0.050411
0.047401
0.045863
0.044528
0.042184
0.039929
0.038820
0.036984
0.034354
0.033388
0.031928
0.029654
0.028311
0.027124
0.025349
0.023645
0.022652
0.021255
0.019427
0.018572
0.017459
0.015931
0.014922
0.014022
0.012843
0.011723
0.010983
0.010068
0.008976
0.008361
0.007648
0.006781
0.006157
0.005600
0.004955
0.004357
0.003924
0.003448
0.002936
0.002603
0.002257
0.001889
0.001609
0.001365
0.001118
0.000903
0.000739
0.000584
0.000440
0.000339
0.000251
0.000174
0.000118
0.000076
0.000044
0.000023
0.000010
0.000003
0.000000
0.000000
-0.000000
-0.000002
-0.000008
-0.000020
-0.000039
-0.000067
-0.000109
-0.000163
-0.000226
-0.000318
-0.000427
-0.000544
-0.000695
-0.000880
-0.001072
-0.001283
-0.001566
-0.001855
-0.002119
-0.002520
-0.002932
-0.003295
-0.003774
-0.004333
-0.004836
-0.005350
-0.006079
-0.006752
-0.007266
-0.008185
-0.009057
-0.009720
-0.010656
-0.011753
-0.012636
-0.013492
-0.014834
-0.015973
-0.016688
-0.018284
-0.019709
-0.020636
-0.022084
-0.023815
-0.025064
-0.026208
-0.028255
-0.029861
-0.030633
-0.032985
-0.034972
-0.036042
-0.037963
-0.040337
